mean	sd	2.5%	97.5%	Rhat	n.eff
LOR.ref[1]	0.038	0.0747	-0.1046	0.1893	1.001	27000
LOR.ref[2]	0.1659	0.0863	-0.0033	0.3354	1.0011	15000
LOR.ref[3]	0.0563	0.0952	-0.1304	0.2442	1.0019	2100
LOR.ref[4]	0.2927	0.0917	0.1117	0.4725	1.0017	2800
LOR.ref[6]	-0.0337	0.1305	-0.2921	0.2235	1.001	27000
LOR.ref[7]	0.1798	0.175	-0.1608	0.5255	1.0012	7900
LOR.ref[8]	0.282	0.0751	0.1365	0.4293	1.0012	8100
LOR.ref[9]	-0.324	0.1562	-0.6307	-0.017	1.0017	2800
LOR.ref[10]	0.0231	0.0976	-0.1675	0.2168	1.001	27000
LOR.ref[11]	0.2564	0.1074	0.0463	0.4687	1.001	27000
LOR.ref[12]	0.0418	0.1211	-0.1957	0.2806	1.0015	3700
LOR.ref[1]	0.3198	0.4164	-0.5005	1.1382	1.0011	13000
LOR.ref[2]	0.2608	0.3884	-0.5047	1.0259	1.0011	13000
LOR.ref[4]	0.0632	0.3149	-0.5525	0.6842	1.001	27000
LOR.ref[5]	0.0207	0.1394	-0.2462	0.3066	1.0012	9600
LOR.ref[1]	0.8841	0.4847	-0.0829	1.809	1.0013	6100
LOR.ref[2]	0.633	0.4519	-0.2564	1.5121	1.0014	4100
LOR.ref[3]	0.2449	0.2445	-0.2334	0.72	1.0017	2700
LOR.ref[4]	0.5334	0.2473	0.04	1.0134	1.0011	15000
LOR.ref[5]	0.1509	0.2267	-0.29	0.6021	1.0011	15000
LOR.ref[6]	0.5081	0.1309	0.2597	0.7674	1.0011	12000
LOR.ref[7]	0.5817	0.1278	0.3386	0.8467	1.001	27000
LOR.ref[1]	0.2692	0.1585	-0.0408	0.5795	1.0012	8200
LOR.ref[2]	0.4821	0.4218	-0.3341	1.3208	1.001	27000
LOR.ref[1]	1.0842	0.8316	-0.5764	2.7376	1.0011	12000
LOR.ref[2]	1.7046	0.57	0.5749	2.8335	1.0011	12000
LOR.ref[3]	1.4639	0.5185	0.3927	2.4831	1.0011	15000
LOR.ref[4]	1.2067	0.5348	0.1218	2.2931	1.001	27000
LOR.ref[5]	0.6977	0.5126	-0.3504	1.7211	1.001	27000
LOR.ref[1]	1.0703	0.2695	0.5425	1.6078	1.002	27000
LOR.ref[2]	0.7132	0.4465	-0.1563	1.5967	1.0012	19000
LOR.ref[4]	-0.0946	0.4536	-0.9805	0.802	1.0021	9300
LOR.ref[5]	-0.832	0.4903	-1.7912	0.1304	1.001	27000
LOR.ref[6]	1.3551	0.2184	0.9283	1.7856	1.0026	21000
LOR.ref[7]	-0.5146	0.373	-1.2339	0.2269	1.0012	27000
LOR.ref[1]	0.9369	0.236	0.4767	1.4077	1.001	27000
LOR.ref[2]	0.8101	0.2278	0.3665	1.2603	1.001	27000
LOR.ref[3]	0.9813	0.2568	0.4797	1.4935	1.001	27000
LOR.ref[4]	1.0598	0.2037	0.6629	1.4646	1.001	27000
LOR.ref[5]	1.35	0.1697	1.0156	1.6859	1.0011	16000
LOR.ref[6]	1.5334	0.3666	0.8318	2.2723	1.0011	13000
LOR.ref[7]	1.534	0.2124	1.1225	1.9634	1.001	27000
LOR.ref[8]	1.5221	0.3483	0.861	2.2179	1.0013	5600
LOR.ref[9]	1.7946	0.1954	1.4213	2.1858	1.0012	7200
LOR.ref[10]	1.26	0.2717	0.7344	1.7978	1.0011	11000
LOR.ref[2]	0.8747	0.1992	0.4868	1.2665	1.001	27000
LOR.ref[3]	0.5319	0.3109	-0.0837	1.1345	1.0011	18000
LOR.ref[1]	0.509	0.2	0.119	0.9148	1.0009	27000
LOR.ref[2]	0.5267	0.2763	-0.0213	1.0777	1.001	27000
LOR.ref[3]	2.4319	0.2894	1.8644	3.001	1.001	27000
LOR.ref[4]	2.2271	0.5207	1.2201	3.2621	1.001	22000
LOR.ref[1]	0.9604	0.443	0.0689	1.8374	1.001	27000
LOR.ref[2]	2.3092	0.5433	1.3129	3.4576	1.001	27000
LOR.ref[3]	1.2341	0.746	-0.2113	2.6966	1.0012	7600
LOR.ref[4]	1.7557	0.7301	0.336	3.2348	1.0011	17000
LOR.ref[5]	1.1484	0.6757	-0.1741	2.4651	1.0011	11000
LOR.ref[6]	1.1186	0.7154	-0.2787	2.5146	1.001	27000
LOR.ref[7]	1.062	0.6364	-0.188	2.2916	1.001	27000
LOR.ref[1]	0.0549	0.8808	-1.7125	1.849	1.0011	16000
LOR.ref[2]	0.3974	0.5334	-0.678	1.4602	1.001	27000
LOR.ref[3]	0.5295	1.3141	-2.1525	3.1455	1.001	19000
LOR.ref[4]	1.0578	1.6327	-2.2154	4.2924	1.001	27000
LOR.ref[5]	0.2686	0.9624	-1.7019	2.2268	1.0009	27000
LOR.ref[6]	1.2425	0.7636	-0.0631	2.9458	1.0013	6300
LOR.ref[7]	2.0439	1.1275	-0.1867	4.3062	1.001	27000
LOR.ref[8]	1.0902	0.792	-0.5455	2.6996	1.001	27000
LOR.ref[9]	0.3142	0.6272	-0.9507	1.5819	1.001	27000
LOR.ref[1]	0.8349	0.5531	-0.2437	1.9529	1.001	27000
LOR.ref[2]	0.561	0.2712	0.0384	1.125	1.001	27000
LOR.ref[3]	1.0001	0.2879	0.4377	1.5741	1.001	25000
LOR.ref[4]	1.0373	0.2913	0.4691	1.6265	1.001	27000
LOR.ref[5]	0.6111	0.5441	-0.4427	1.6986	1.0011	17000
LOR.ref[6]	1.2962	0.3086	0.7098	1.9231	1.001	24000
LOR.ref[1]	1.1984	0.2638	0.6837	1.719	1.001	27000
LOR.ref[2]	0.9514	0.2436	0.4817	1.44	1.0011	10000
LOR.ref[3]	0.8765	0.2331	0.4163	1.3392	1.0012	9500
LOR.ref[4]	1.2058	0.259	0.6962	1.7191	1.001	23000
LOR.ref[1]	0.4289	0.5414	-0.6232	1.5336	1.0013	6000
LOR.ref[2]	0.4758	0.5395	-0.53	1.6226	1.001	27000
LOR.ref[3]	-0.519	0.6499	-1.7723	0.8098	1.0011	15000
LOR.ref[5]	-0.5986	0.4185	-1.4111	0.2417	1.001	27000
LOR.ref[1]	2.075	0.769	0.6269	3.6644	1.0011	16000
LOR.ref[3]	0.2588	0.3386	-0.413	0.9315	1.0012	10000
LOR.ref[4]	1.8429	0.647	0.5929	3.1172	1.0011	18000
LOR.ref[5]	1.4742	0.6298	0.2392	2.7033	1.001	27000
LOR.ref[1]	2.0204	0.8253	0.3629	3.6825	1.001	27000
LOR.ref[2]	1.6804	0.7918	0.0785	3.282	1.0012	8800
LOR.ref[3]	0.7571	0.4888	-0.2784	1.6667	1.0011	18000
LOR.ref[1]	0.2331	0.2545	-0.2899	0.7493	1.001	24000
LOR.ref[2]	-0.6087	0.181	-0.9791	-0.2633	1.0011	17000
LOR.ref[3]	-0.454	0.2787	-1.022	0.0906	1.001	22000
LOR.ref[4]	0.0112	0.441	-0.9103	0.8748	1.0012	9200
LOR.ref[5]	0.3698	0.4456	-0.566	1.2519	1.0011	15000
LOR.ref[6]	0.2165	0.4694	-0.7631	1.1512	1.002	1800
LOR.ref[8]	-0.9826	0.2331	-1.446	-0.5303	1.0012	8600
LOR.ref[2]	0.7928	0.2937	0.2141	1.3699	1.0028	1100
LOR.ref[3]	0.9212	0.2072	0.5122	1.3249	1.0013	6300
LOR.ref[4]	1.1193	0.3141	0.5006	1.7366	1.0013	6300
LOR.ref[5]	1.898	0.5564	0.8222	3.0112	1.0013	6100
LOR.ref[6]	0.8211	0.6032	-0.3669	1.9942	1.0011	12000
LOR.ref[7]	1.9732	0.3522	1.2894	2.6811	1.0011	16000
LOR.ref[8]	3.2094	0.925	1.4656	5.1089	1.0013	6000
LOR.ref[9]	0.4741	0.8173	-1.1452	2.1294	1.001	27000
LOR.ref[10]	1.6372	0.2377	1.1776	2.1093	1.0014	4200
LOR.ref[11]	1.577	0.4063	0.7865	2.379	1.0021	1800
LOR.ref[12]	1.467	0.5118	0.4755	2.4823	1.001	25000
LOR.ref[13]	1.4625	0.4064	0.6984	2.295	1.001	27000
LOR.ref[14]	1.5063	1.2375	-0.7716	4.0182	1.0064	370
LOR.ref[15]	2.0175	0.7868	0.4999	3.5962	1.0011	16000
LOR.ref[16]	1.3044	0.7127	-0.0503	2.7394	1.0013	5300
LOR.ref[17]	1.5274	0.5972	0.339	2.6883	1.001	21000
LOR.ref[18]	1.4	0.2313	0.9583	1.8656	1.0009	27000
LOR.ref[19]	1.8936	0.8262	0.2836	3.5	1.001	26000
LOR.ref[20]	1.3055	0.7266	-0.102	2.7562	1.0015	3600
LOR.ref[21]	0.3589	0.9817	-1.5924	2.2946	1.0012	6700
LOR.ref[22]	0.371	0.9661	-1.5499	2.3081	1.0012	9300
LOR.ref[1]	1.296	0.229	0.8482	1.7592	1.001	27000
LOR.ref[2]	3.2143	0.6003	2.0898	4.4751	1.0013	5700
LOR.ref[3]	1.3353	0.4214	0.4811	2.1565	1.001	27000
LOR.ref[1]	-0.1149	0.2551	-0.6045	0.4098	1.001	27000
LOR.ref[2]	-0.3884	0.2635	-0.9058	0.1318	1.001	27000
LOR.ref[3]	-0.5188	0.4421	-1.3885	0.3602	1.001	19000
LOR.ref[4]	0.0647	0.3527	-0.6303	0.7735	1.001	27000
LOR.ref[6]	0.0505	0.2867	-0.5122	0.6188	1.001	27000
LOR.ref[7]	-0.5488	0.3696	-1.2837	0.169	1.001	26000
LOR.ref[8]	-0.431	0.287	-0.9865	0.1382	1.001	22000
LOR.ref[9]	0.145	0.3596	-0.5683	0.8501	1.001	27000
LOR.ref[10]	-0.1216	0.2018	-0.5138	0.2836	1.0012	7100
LOR.ref[1]	0.0984	0.4651	-0.8267	1.0179	1.001	27000
LOR.ref[3]	0.6398	0.715	-0.7654	2.0645	1.001	27000
LOR.ref[4]	-0.2625	0.5411	-1.3718	0.8154	1.0009	27000
LOR.ref[5]	0.9722	0.4662	0.0497	1.881	1.001	20000
LOR.ref[1]	-0.4641	0.7451	-1.9475	1.0018	1.001	27000
LOR.ref[2]	49.7041	30.9008	3.1145	110.1019	1.2476	12
LOR.ref[3]	-0.5098	0.8315	-2.2252	1.0849	1.001	27000
LOR.ref[5]	0.2493	1.191	-2.1417	2.5803	1.001	19000
LOR.ref[6]	-0.4347	1.0172	-2.5478	1.5088	1.001	27000
LOR.ref[7]	-2.4127	0.8215	-4.1031	-0.8806	1.001	27000
LOR.ref[1]	0.1894	0.2797	-0.3504	0.7254	1.0011	27000
LOR.ref[2]	-0.0932	0.2424	-0.5655	0.3769	1.001	27000
LOR.ref[3]	0.1185	0.2474	-0.3767	0.6113	1.001	27000
LOR.ref[4]	0.1114	0.2153	-0.3078	0.5336	1.0011	16000
LOR.ref[1]	0.4867	0.2522	0.0118	1.0113	1.001	22000
LOR.ref[2]	1.4797	0.5099	0.4912	2.5005	1.001	27000
LOR.ref[3]	3.6235	0.9428	1.966	5.674	1.0022	1600
LOR.ref[4]	1.3583	1.1275	-0.7719	3.6875	1.0012	9400
LOR.ref[5]	0.1873	0.4404	-0.6557	1.0759	1.001	21000
LOR.ref[6]	1.1059	0.4571	0.2486	2.0511	1.0015	3900
LOR.ref[7]	2.5049	0.8795	0.8413	4.3016	1.001	23000
LOR.ref[1]	0.0968	0.1272	-0.1506	0.3438	1.001	27000
LOR.ref[2]	-0.5676	0.2876	-1.128	-0.0025	1.001	27000
LOR.ref[3]	-0.128	0.2169	-0.5533	0.2983	1.0011	14000
LOR.ref[4]	0.8453	0.6291	-0.4316	2.0001	1.0013	6500
LOR.ref[5]	0.0208	0.256	-0.4812	0.5298	1.001	27000
LOR.ref[6]	0.2873	0.1735	-0.0607	0.6318	1.0012	7900
LOR.ref[8]	0.1394	0.1072	-0.0712	0.3509	1.001	27000
LOR.ref[9]	-0.6826	0.1154	-0.9126	-0.4566	1.0013	5300
LOR.ref[2]	0.6482	0.3671	-0.0535	1.3931	1.001	27000
LOR.ref[3]	0.5849	0.504	-0.4	1.5839	1.0011	17000
LOR.ref[4]	0.7453	0.4512	-0.115	1.6811	1.0011	12000
LOR.ref[1]	1.8443	0.6253	0.5927	3.1019	1.001	27000
LOR.ref[2]	0.1196	0.6264	-1.1669	1.3702	1.0011	12000
LOR.ref[3]	0.8434	1.0117	-1.1131	2.8767	1.0014	4300
LOR.ref[4]	0.0121	0.9625	-1.855	1.9501	1.001	22000
LOR.ref[5]	0.5672	0.7208	-0.8956	2.0128	1.0012	7300
LOR.ref[6]	0.5288	0.4989	-0.4645	1.54	1.0011	9800
LOR.ref[7]	0.8152	0.4894	-0.1585	1.7904	1.0011	14000
LOR.ref[8]	0.6657	0.3864	-0.0673	1.478	1.001	27000
LOR.ref[9]	0.9623	0.6205	-0.1369	2.3133	1.001	27000
LOR.ref[10]	0.543	1.1634	-1.7188	2.8724	1.0015	3800
LOR.ref[11]	2.0485	0.9418	0.2055	3.9331	1.001	27000
LOR.ref[12]	1.0736	0.7148	-0.3486	2.5042	1.001	27000
LOR.ref[13]	0.1196	0.7113	-1.3023	1.5396	1.001	27000
LOR.ref[14]	0.2542	0.4302	-0.6176	1.097	1.001	27000
LOR.ref[15]	0.5038	0.4699	-0.4361	1.4466	1.001	27000
LOR.ref[1]	0.8668	0.2445	0.3985	1.3743	1.0012	7600
LOR.ref[2]	0.3113	0.2071	-0.1055	0.7159	1.0012	9000
LOR.ref[3]	2.0328	0.5213	1.0153	3.0584	1.0014	4300
LOR.ref[4]	0.6532	0.2163	0.2402	1.099	1.001	25000
LOR.ref[5]	0.6139	0.2213	0.1644	1.0436	1.0011	12000
LOR.ref[1]	0.1904	0.3004	-0.3823	0.8123	1.001	27000
LOR.ref[2]	0.3718	0.3629	-0.3501	1.0822	1.0011	11000
LOR.ref[3]	0.3825	0.4401	-0.4777	1.2357	1.0011	9900
LOR.ref[4]	0.0267	0.3006	-0.594	0.5924	1.0011	12000
LOR.ref[6]	0.6599	0.5514	-0.4338	1.722	1.0011	13000
