mean	sd	2.5%	97.5%	Rhat	n.eff
theta[1,2]	-0.0866	0.1727	-0.4323	0.2471	1.0011	12000
theta[2,2]	0.2469	0.2199	-0.175	0.6879	1.0011	13000
theta[3,2]	-0.0164	0.1616	-0.3306	0.3077	1.0011	14000
theta[4,2]	0.3717	0.1858	0.0205	0.7539	1.001	27000
theta[5,2]	-0.1174	0.188	-0.507	0.2343	1.001	27000
theta[6,2]	-0.0597	0.1776	-0.4159	0.2913	1.001	27000
theta[7,2]	-0.1963	0.1778	-0.5484	0.1516	1.0012	9100
theta[8,2]	-0.0277	0.172	-0.3631	0.3158	1.0011	18000
theta[9,2]	-0.1471	0.182	-0.4991	0.2246	1.0013	5600
theta[10,2]	0.2281	0.1515	-0.0729	0.5218	1.0013	5300
theta[11,2]	-0.0902	0.169	-0.4269	0.2384	1.0015	3700
theta[12,2]	0.1994	0.18	-0.1445	0.557	1.0012	8400
theta[13,2]	0.1764	0.208	-0.2331	0.585	1.0012	8600
theta[14,2]	0.0917	0.1775	-0.2627	0.4334	1.0011	12000
theta[15,2]	0.1517	0.1667	-0.19	0.471	1.0011	19000
theta[16,2]	0.2747	0.1664	-0.0485	0.6151	1.001	27000
theta[17,2]	0.2133	0.1469	-0.0786	0.501	1.001	27000
theta[18,2]	0.0315	0.1601	-0.2704	0.3616	1.001	27000
theta[19,2]	0.0759	0.1437	-0.2107	0.3533	1.0009	27000
theta[20,2]	0.2313	0.1447	-0.052	0.5216	1.001	27000
theta[21,2]	0.0195	0.1512	-0.27	0.3304	1.0011	12000
theta[22,2]	0.2314	0.1435	-0.0528	0.5121	1.0012	7200
theta[23,2]	0.1919	0.1541	-0.1215	0.4909	1.0011	14000
theta[24,2]	0.3149	0.159	0.0198	0.6465	1.001	27000
theta[25,2]	0.2477	0.1675	-0.0856	0.5854	1.001	23000
theta[26,2]	-0.2969	0.1694	-0.6247	0.0408	1.0016	2900
theta[27,2]	-0.2921	0.1942	-0.6646	0.0987	1.0018	2300
theta[28,2]	-0.3883	0.2015	-0.7863	0.0064	1.0012	9500
theta[29,2]	-0.3682	0.1677	-0.7033	-0.0428	1.002	1800
theta[30,2]	-0.4794	0.212	-0.8972	-0.0575	1.0013	4900
theta[31,2]	-0.3839	0.1895	-0.7576	-0.0134	1.0011	18000
theta[32,2]	-0.3379	0.2008	-0.7407	0.0552	1.0012	7800
theta[33,2]	-0.0873	0.1477	-0.367	0.215	1.001	27000
theta[34,2]	0.1544	0.1548	-0.138	0.478	1.0014	4600
theta[35,2]	-0.1884	0.1382	-0.4723	0.0767	1.001	27000
theta[36,2]	-0.1561	0.1383	-0.4319	0.119	1.001	27000
theta[37,2]	0.1577	0.1561	-0.1344	0.4858	1.001	27000
theta[38,2]	-0.1247	0.1458	-0.4096	0.1705	1.0011	12000
theta[39,2]	-0.1338	0.1444	-0.4187	0.1545	1.001	27000
theta[40,2]	0.2088	0.1614	-0.0931	0.5517	1.001	27000
theta[41,2]	-0.1771	0.1506	-0.4833	0.1182	1.0012	7300
theta[42,2]	-0.1559	0.1511	-0.4559	0.1472	1.001	27000
theta[43,2]	-0.0451	0.1452	-0.3447	0.2366	1.001	27000
theta[44,2]	0.1191	0.1215	-0.1002	0.3731	1.0012	8500
theta[45,2]	0.029	0.1144	-0.1895	0.2644	1.0011	14000
theta[46,2]	-0.0164	0.1342	-0.2872	0.2512	1.001	27000
theta[47,2]	-0.0557	0.1428	-0.3532	0.2174	1.001	27000
theta[48,2]	-0.0526	0.1647	-0.3955	0.2568	1.001	27000
theta[49,2]	0.1332	0.1312	-0.1295	0.3895	1.0009	27000
theta[50,2]	0.0547	0.1493	-0.2355	0.3586	1.0011	17000
theta[51,2]	-0.0445	0.1531	-0.3628	0.2451	1.0019	2200
theta[52,2]	0.1234	0.139	-0.1326	0.4094	1.0011	12000
theta[53,2]	-0.0955	0.1602	-0.4306	0.1965	1.0014	4100
theta[54,2]	-0.0233	0.133	-0.2916	0.2376	1.001	27000
theta[55,2]	-0.0365	0.1389	-0.3235	0.2356	1.001	27000
theta[56,2]	-0.0461	0.1415	-0.3384	0.2307	1.0009	27000
theta[57,2]	-0.053	0.1385	-0.3416	0.2123	1.001	27000
theta[58,2]	0.1706	0.1423	-0.1312	0.4327	1.0019	2100
theta[59,2]	-0.112	0.1512	-0.4438	0.1543	1.001	27000
theta[60,2]	0.0461	0.1463	-0.2376	0.3392	1.0011	11000
theta[61,2]	0.0481	0.1661	-0.2795	0.3796	1.0013	5400
theta[62,2]	0.2019	0.1522	-0.1064	0.4987	1.001	22000
theta[63,2]	-0.1003	0.1341	-0.36	0.1653	1.0012	9400
theta[64,2]	-0.0485	0.1579	-0.3664	0.2659	1.0014	4800
theta[65,2]	-0.0895	0.15	-0.4054	0.1873	1.001	27000
theta[66,2]	0.2289	0.1308	-0.0282	0.4875	1.0014	4800
theta[67,2]	0.2902	0.1341	0.033	0.5631	1.001	27000
theta[68,2]	0.0112	0.1429	-0.2684	0.3007	1.0017	2600
theta[69,2]	0.2553	0.1327	-5e-04	0.5222	1.001	27000
theta[70,2]	0.3187	0.1432	0.0525	0.6213	1.001	27000
theta[71,2]	-0.1429	0.1348	-0.3959	0.1323	1.001	27000
theta[72,2]	-0.2949	0.1457	-0.5938	-0.0177	1.0014	4500
theta[73,2]	-0.2704	0.1476	-0.5678	0.0141	1.001	27000
theta[74,2]	-0.2606	0.1426	-0.5392	0.0269	1.0015	3600
theta[75,2]	0.1297	0.1457	-0.1555	0.4209	1.001	27000
theta[76,2]	0.0658	0.1417	-0.2257	0.3363	1.001	21000
theta[77,2]	-0.3076	0.1291	-0.5707	-0.0555	1.0015	3900
theta[78,2]	0.2907	0.1434	0.0085	0.5867	1.001	27000
theta[79,2]	-0.0652	0.1424	-0.3544	0.2113	1.0015	3300
theta[80,2]	-0.0167	0.1385	-0.2847	0.2707	1.0015	3800
theta[81,2]	0.3237	0.1462	0.0492	0.6329	1.001	27000
theta[82,2]	0.0105	0.1367	-0.2634	0.2821	1.001	27000
theta[83,2]	0.2917	0.1324	0.0337	0.5635	1.0012	7700
theta[84,2]	0.2932	0.1391	0.0213	0.5777	1.0011	12000
theta[85,2]	0.2635	0.1452	-0.0345	0.5507	1.001	27000
theta[86,2]	0.3167	0.1248	0.078	0.5749	1.001	26000
theta[87,2]	0.0385	0.1493	-0.2516	0.3433	1.001	27000
theta[88,2]	0.2838	0.1326	0.0224	0.5502	1.001	27000
theta[89,2]	-0.2262	0.138	-0.5183	0.032	1.001	27000
theta[90,2]	0.2707	0.1289	0.0138	0.5277	1.001	27000
theta[91,2]	0.2602	0.1318	-0.0055	0.5234	1.0011	18000
theta[92,2]	0.2756	0.1417	-0.0087	0.5583	1.001	27000
theta[93,2]	0.3282	0.1369	0.0716	0.6135	1.0011	12000
theta[94,2]	0.2891	0.1327	0.0287	0.5591	1.0011	12000
theta[95,2]	-0.1714	0.1421	-0.4352	0.1289	1.0011	12000
theta[96,2]	-0.2798	0.13	-0.5386	-0.0298	1.0009	27000
theta[97,2]	-0.2734	0.1466	-0.5651	0.0141	1.0011	13000
theta[98,2]	-0.0192	0.1504	-0.3168	0.2794	1.0012	8700
theta[99,2]	-0.2888	0.129	-0.5472	-0.04	1.0009	27000
theta[100,2]	-0.0765	0.1414	-0.3711	0.1861	1.0015	3500
theta[101,2]	0.1014	0.1468	-0.1953	0.3894	1.001	22000
theta[102,2]	0.1545	0.1462	-0.1249	0.4518	1.0011	10000
theta[103,2]	0.208	0.1424	-0.0823	0.4847	1.001	27000
theta[104,2]	0.1395	0.1437	-0.1489	0.427	1.0011	18000
theta[104,3]	-0.0569	0.1357	-0.3411	0.2011	1.001	27000
theta[1,2]	-0.0155	0.1481	-0.2978	0.2868	1.0011	18000
theta[2,2]	-0.045	0.1646	-0.3606	0.2919	1.001	27000
theta[3,2]	-0.024	0.1799	-0.366	0.3546	1.001	27000
theta[4,2]	-0.1554	0.1524	-0.4687	0.1299	1.001	26000
theta[5,2]	0.0645	0.2434	-0.4102	0.5408	1.001	27000
theta[6,2]	0.002	0.2347	-0.4789	0.4838	1.0012	7800
theta[7,2]	0.17	0.2158	-0.1938	0.6535	1.001	27000
theta[8,2]	-0.059	0.1848	-0.4446	0.2955	1.0013	6100
theta[9,2]	0.0196	0.2326	-0.4354	0.5093	1.001	20000
theta[10,2]	0.0956	0.2108	-0.2721	0.5638	1.0011	10000
theta[11,2]	-0.0473	0.1838	-0.4294	0.3017	1.001	27000
theta[12,2]	0.048	0.2196	-0.365	0.5238	1.0009	27000
theta[13,2]	-0.0615	0.1149	-0.2895	0.1627	1.0011	11000
theta[14,2]	-0.2538	0.3701	-0.975	0.4753	1.0011	15000
theta[15,2]	-0.2685	0.3958	-1.0495	0.5101	1.001	27000
theta[1,2]	-0.2916	0.3048	-0.9157	0.2863	1.0019	2100
theta[2,2]	-0.2681	0.2477	-0.754	0.2165	1.0016	3000
theta[3,2]	-0.5707	0.1871	-0.9688	-0.2272	1.001	27000
theta[4,2]	-0.5351	0.166	-0.862	-0.1997	1.001	27000
theta[5,2]	-0.5251	0.2042	-0.9547	-0.1363	1.001	27000
theta[6,2]	-0.4477	0.1906	-0.8085	-0.053	1.0011	15000
theta[7,2]	-0.5509	0.1611	-0.8674	-0.2254	1.001	27000
theta[8,2]	-0.481	0.1686	-0.8097	-0.1459	1.0011	13000
theta[9,2]	-0.211	0.2409	-0.7039	0.2439	1.001	24000
theta[10,2]	0.1159	0.1905	-0.242	0.5146	1.0011	16000
theta[11,2]	-0.123	0.2368	-0.5871	0.3379	1.001	27000
theta[12,2]	-0.4402	0.1365	-0.6908	-0.1577	1.001	27000
theta[13,2]	0.5225	0.293	-0.017	1.1395	1.0009	27000
theta[14,2]	-0.5747	0.2699	-1.1104	-0.0498	1.0011	13000
theta[15,2]	-0.4784	0.1949	-0.8594	-0.0836	1.0011	10000
theta[16,2]	-0.6321	0.1914	-1.0468	-0.2849	1.0012	9400
theta[17,2]	0.1001	0.1673	-0.226	0.435	1.0011	18000
theta[18,2]	-0.0089	0.3069	-0.5987	0.6173	1.0012	9400
theta[19,2]	0.3222	0.3283	-0.3232	0.9719	1.0016	3200
theta[20,2]	0.2611	0.3101	-0.359	0.8623	1.0018	2500
theta[21,2]	-0.2499	0.4781	-1.1586	0.6985	1.0019	2000
theta[17,3]	-0.5102	0.1713	-0.8546	-0.1785	1.001	19000
theta[18,3]	-0.5695	0.2981	-1.1711	0.0159	1.001	20000
theta[19,3]	0.3301	0.2945	-0.2194	0.9319	1.0017	2600
theta[20,3]	0.253	0.2765	-0.2797	0.8027	1.0016	2900
theta[21,3]	-0.7031	0.4586	-1.5649	0.2268	1.0015	3600
theta[19,4]	-0.2063	0.2837	-0.7486	0.366	1.0012	6600
theta[20,4]	-0.2105	0.2627	-0.7117	0.3113	1.0014	4000
theta[21,4]	-0.9149	0.4621	-1.8051	0.0078	1.0013	4900
theta[1,2]	-0.2251	0.175	-0.558	0.1356	1.001	27000
theta[2,2]	-0.1306	0.2083	-0.494	0.3326	1.0011	13000
theta[3,2]	-0.305	0.1755	-0.6624	0.0305	1.0017	2600
theta[4,2]	-0.3676	0.181	-0.7518	-0.038	1.001	27000
theta[5,2]	-0.3176	0.1753	-0.6785	0.0179	1.0013	6000
theta[6,2]	-0.4794	0.3401	-1.1535	0.1764	1.0009	27000
theta[1,2]	-1.086	0.497	-2.0658	-0.1149	1.001	27000
theta[2,2]	-1.2344	0.4483	-2.1149	-0.3475	1.0012	8800
theta[3,2]	-2.1745	0.414	-3.0109	-1.3881	1.001	27000
theta[4,2]	-0.8994	0.3189	-1.521	-0.2784	1.0011	12000
theta[5,2]	-2.0214	0.2683	-2.5642	-1.5066	1.0013	6400
theta[6,2]	-1.0196	0.3242	-1.6505	-0.3824	1.0011	12000
theta[7,2]	-1.3908	0.312	-2.0164	-0.7926	1.001	23000
theta[8,2]	-0.5161	0.2433	-0.9962	-0.0412	1.001	27000
theta[9,2]	-0.8848	0.2416	-1.3719	-0.418	1.0013	5000
theta[1,2]	0.4283	0.2427	-0.0307	0.9302	1.001	27000
theta[2,2]	-1.5827	0.3489	-2.2441	-0.8732	1.0011	13000
theta[3,2]	1.4945	0.2419	1.0419	1.9949	1.001	24000
theta[4,2]	1.0474	0.1693	0.7035	1.3661	1.001	27000
theta[5,2]	-0.7117	0.2085	-1.1233	-0.3017	1.001	20000
theta[6,2]	-0.0919	0.2234	-0.5338	0.3422	1.0011	15000
theta[7,2]	-0.8323	0.2911	-1.4142	-0.2668	1.001	27000
theta[8,2]	-1.083	0.15	-1.3825	-0.7915	1.001	27000
theta[9,2]	-1.2102	0.1689	-1.5463	-0.8871	1.0011	15000
theta[8,3]	0.1635	0.1151	-0.0654	0.3895	1.0011	14000
theta[9,3]	0.494	0.1243	0.251	0.7403	1.001	27000
theta[9,4]	-1.751	0.2424	-2.2381	-1.2876	1.001	27000
theta[1,2]	-1.713	0.4116	-2.5732	-0.9601	1.001	19000
theta[2,2]	-1.3514	0.3022	-1.9335	-0.7543	1.0012	9400
theta[3,2]	-1.028	0.3352	-1.6953	-0.3412	1.001	27000
theta[4,2]	-1.0134	0.3174	-1.6467	-0.3692	1.001	27000
theta[5,2]	-1.1515	0.2687	-1.6992	-0.6359	1.0011	12000
theta[6,2]	-1.1604	0.3375	-1.8791	-0.5278	1.0011	16000
theta[7,2]	-1.0645	0.3373	-1.7506	-0.4093	1.001	19000
theta[8,2]	-0.9754	0.2734	-1.5034	-0.4263	1.0011	12000
theta[9,2]	-1.0779	0.3015	-1.6866	-0.493	1.001	27000
theta[10,2]	-1.126	0.2564	-1.6466	-0.6363	1.001	27000
theta[11,2]	-1.1201	0.3276	-1.8054	-0.4968	1.0011	15000
theta[12,2]	-1.0342	0.3406	-1.716	-0.3475	1.0012	8700
theta[13,2]	-1.0915	0.3297	-1.7705	-0.4545	1.001	27000
theta[14,2]	-1.9826	0.3428	-2.7505	-1.392	1.001	26000
theta[15,2]	-1.598	0.2982	-2.1527	-0.9702	1.001	27000
theta[16,2]	-1.6481	0.2836	-2.1966	-1.0619	1.0011	12000
theta[17,2]	-1.5615	0.2494	-2.03	-1.0532	1.001	23000
theta[18,2]	-1.901	0.2744	-2.468	-1.3869	1.001	27000
theta[19,2]	-1.9101	0.2977	-2.5427	-1.3665	1.0011	16000
theta[20,2]	-1.8245	0.2783	-2.3923	-1.2955	1.0011	10000
theta[21,2]	-1.8287	0.324	-2.5116	-1.2157	1.001	27000
theta[22,2]	-1.8667	0.314	-2.5249	-1.2891	1.001	27000
theta[23,2]	-1.8173	0.3137	-2.4727	-1.2175	1.0011	13000
theta[24,2]	-0.844	0.2664	-1.378	-0.331	1.0009	27000
theta[25,2]	-0.653	0.285	-1.1795	-0.067	1.001	20000
theta[26,2]	-0.7577	0.3347	-1.4094	-0.075	1.001	20000
theta[27,2]	-0.8623	0.3029	-1.4881	-0.2814	1.001	27000
theta[28,2]	-0.8737	0.2729	-1.4327	-0.3559	1.001	27000
theta[29,2]	-0.8655	0.2996	-1.4825	-0.2907	1.0009	27000
theta[30,2]	-1.6238	0.2904	-2.234	-1.0835	1.0011	12000
theta[31,2]	-1.7769	0.3121	-2.4395	-1.2198	1.001	24000
theta[32,2]	-1.6386	0.3033	-2.277	-1.0789	1.001	27000
theta[33,2]	-1.4586	0.2592	-1.963	-0.9367	1.001	26000
theta[34,2]	-1.2504	0.2779	-1.7636	-0.6712	1.0012	9300
theta[35,2]	-1.2983	0.2906	-1.8701	-0.7263	1.0013	5600
theta[36,2]	-1.3351	0.3117	-1.9661	-0.7387	1.0011	12000
theta[37,2]	-1.2003	0.3096	-1.8123	-0.5899	1.0016	2900
theta[38,2]	-1.2047	0.3221	-1.832	-0.5687	1.001	27000
theta[39,2]	-1.4687	0.3902	-2.2432	-0.7073	1.001	21000
theta[40,2]	-1.5326	0.3314	-2.2028	-0.9002	1.0011	13000
theta[41,2]	-1.561	0.377	-2.3254	-0.8345	1.0012	8000
theta[42,2]	-1.3997	0.2471	-1.9081	-0.9263	1.001	27000
theta[43,2]	-1.364	0.2968	-1.9682	-0.7816	1.001	27000
theta[44,2]	-1.5864	0.2724	-2.1721	-1.1046	1.001	27000
theta[45,2]	-1.2748	0.2407	-1.7454	-0.7882	1.0011	17000
theta[46,2]	-1.1269	0.2611	-1.6009	-0.578	1.0012	7100
theta[47,2]	-1.4708	0.269	-2.0413	-0.9727	1.001	27000
theta[48,2]	-1.4362	0.2825	-2.0299	-0.9029	1.001	19000
theta[49,2]	-1.308	0.2278	-1.7581	-0.855	1.001	22000
theta[50,2]	-1.1422	0.2982	-1.6802	-0.5039	1.001	27000
theta[51,2]	-1.4003	0.3111	-2.0498	-0.8045	1.001	27000
theta[52,2]	-1.0718	0.2646	-1.62	-0.5773	1.001	27000
theta[53,2]	-0.9376	0.2958	-1.5285	-0.356	1.001	27000
theta[54,2]	-0.8755	0.2617	-1.3826	-0.3509	1.001	27000
theta[55,2]	-0.8598	0.252	-1.3533	-0.3581	1.001	27000
theta[56,2]	-1.0014	0.2728	-1.5398	-0.4705	1.001	27000
theta[57,2]	-1.0562	0.276	-1.6139	-0.5241	1.001	27000
theta[58,2]	-0.8828	0.2473	-1.3596	-0.3904	1.001	27000
theta[59,2]	0.5278	0.3133	-0.0751	1.1563	1.001	27000
theta[59,3]	-0.84	0.2902	-1.3644	-0.2199	1.0011	13000
theta[1,2]	0.8208	0.2102	0.3912	1.2262	1.001	27000
theta[2,2]	0.911	0.2059	0.5171	1.3299	1.001	27000
theta[3,2]	0.885	0.2527	0.3887	1.4059	1.001	27000
theta[4,2]	0.9061	0.2348	0.4505	1.3909	1.001	26000
theta[5,2]	0.8543	0.2554	0.3415	1.3596	1.0009	27000
theta[6,2]	0.5326	0.2058	0.1244	0.9309	1.001	27000
theta[1,2]	-0.5902	0.1714	-0.9345	-0.2652	1.001	21000
theta[2,2]	-0.361	0.2106	-0.7543	0.07	1.001	23000
theta[3,2]	-0.6724	0.2881	-1.3053	-0.1583	1.0012	8700
theta[4,2]	-0.3331	0.2125	-0.7317	0.1044	1.0011	18000
theta[5,2]	-0.5431	0.2007	-0.9323	-0.1478	1.0011	17000
theta[6,2]	-0.5131	0.1986	-0.9047	-0.1216	1.001	27000
theta[7,2]	-2.4372	0.2676	-2.9646	-1.9191	1.001	27000
theta[8,2]	-2.5055	0.2681	-3.0369	-1.9848	1.001	27000
theta[9,2]	-2.2274	0.4107	-3.0443	-1.4291	1.001	20000
theta[10,2]	1.8431	0.3357	1.1571	2.4883	1.001	23000
theta[1,2]	-2.53	0.6464	-4.0333	-1.4416	1.001	19000
theta[2,2]	-2.0871	0.3861	-2.8109	-1.3056	1.0012	7100
theta[3,2]	-1.7486	0.5627	-2.8701	-0.6629	1.0011	11000
theta[4,2]	-1.1183	0.5336	-2.1401	-0.0653	1.0009	27000
theta[5,2]	-0.9347	0.3945	-1.7002	-0.1341	1.0011	16000
theta[6,2]	-0.9861	0.2926	-1.5608	-0.4183	1.001	27000
theta[7,2]	-1.065	0.4282	-1.8677	-0.229	1.001	27000
theta[8,2]	-1.1526	0.4785	-2.0781	-0.2248	1.0013	5400
theta[9,2]	-1.2962	0.7084	-2.7016	0.0565	1.0013	6000
theta[10,2]	-1.1757	0.7363	-2.6006	0.2699	1.0013	5600
theta[1,2]	0.2791	0.2966	-0.3053	0.8625	1.001	27000
theta[2,2]	-0.9727	0.2356	-1.4383	-0.5196	1.0013	5900
theta[3,2]	-0.2655	0.2774	-0.8127	0.2777	1.001	22000
theta[4,2]	-1.0416	0.1906	-1.4144	-0.6688	1.0012	9000
theta[5,2]	-2.0484	0.6513	-3.3871	-0.8122	1.001	27000
theta[6,2]	-0.4406	0.2334	-0.9027	0.0112	1.0011	15000
theta[7,2]	-0.7239	0.4469	-1.6244	0.1466	1.0017	2800
theta[8,2]	-0.3172	0.5069	-1.3222	0.6898	1.001	27000
theta[9,2]	-0.0931	0.6351	-1.2819	1.2087	1.001	27000
theta[10,2]	-2.0526	1.036	-4.4695	-0.3912	1.0012	9200
theta[11,2]	0.1788	0.4424	-0.6676	1.0506	1.0011	14000
theta[12,2]	-1.8515	0.8233	-3.6798	-0.4544	1.001	24000
theta[13,2]	0.4843	0.3035	-0.0987	1.0847	1.001	26000
theta[14,2]	0.2083	0.2132	-0.2089	0.6253	1.0011	19000
theta[15,2]	1.082	0.2153	0.6506	1.491	1.001	27000
theta[16,2]	0.9925	0.73	-0.4189	2.4545	1.001	27000
theta[1,2]	-1.1648	0.335	-1.8634	-0.5423	1.0011	10000
theta[2,2]	-0.9303	0.3361	-1.575	-0.2442	1.0011	16000
theta[3,2]	-1.0135	0.2973	-1.6057	-0.4372	1.0011	16000
theta[4,2]	-0.8967	0.318	-1.4958	-0.2567	1.0011	15000
theta[5,2]	-1.2665	0.2823	-1.8201	-0.7123	1.001	27000
theta[6,2]	-1.5577	0.3692	-2.347	-0.9074	1.0012	7200
theta[7,2]	-1.0626	0.2827	-1.6114	-0.508	1.0009	27000
theta[8,2]	-0.6874	0.3036	-1.3281	-0.1292	1.001	27000
theta[9,2]	-0.56	0.2564	-1.0782	-0.0693	1.001	21000
theta[10,2]	-0.4348	0.1676	-0.7622	-0.1048	1.001	27000
theta[11,2]	-1.1126	0.2988	-1.7198	-0.5378	1.001	23000
theta[12,2]	-0.6899	0.2781	-1.209	-0.1162	1.0011	17000
theta[13,2]	-1.3162	0.3077	-1.949	-0.751	1.0009	27000
theta[14,2]	-0.8371	0.4181	-1.6986	-0.0531	1.001	27000
theta[15,2]	-0.6072	0.3983	-1.4021	0.1539	1.001	27000
theta[1,2]	-1.1641	0.251	-1.6598	-0.6704	1.0011	18000
theta[2,2]	-1.0288	0.2712	-1.5405	-0.4707	1.001	27000
theta[3,2]	-1.4043	0.2956	-2.0358	-0.8751	1.001	27000
theta[4,2]	-0.9602	0.2465	-1.4617	-0.4822	1.0009	27000
theta[5,2]	-0.8168	0.2131	-1.227	-0.3874	1.0009	27000
theta[6,2]	-1.072	0.2571	-1.6059	-0.6003	1.001	27000
theta[7,2]	-1.0421	0.276	-1.5575	-0.4689	1.0011	16000
theta[8,2]	-1.2377	0.2396	-1.7087	-0.7773	1.001	27000
theta[9,2]	-1.3354	0.2769	-1.9119	-0.8207	1.001	27000
theta[10,2]	-0.759	0.2249	-1.1868	-0.3034	1.0013	5100
theta[11,2]	-1.0404	0.244	-1.5542	-0.5939	1.0009	27000
theta[12,2]	-0.8322	0.1968	-1.2142	-0.4438	1.0012	6800
theta[1,2]	-0.7401	0.3225	-1.359	-0.1014	1.0009	27000
theta[2,2]	-0.2998	0.6492	-1.6976	0.8804	1.0011	18000
theta[3,2]	-0.2225	0.6474	-1.4471	1.1541	1.001	27000
theta[4,2]	-0.4894	0.4781	-1.476	0.4178	1.001	22000
theta[5,2]	0.3763	0.6475	-0.7976	1.7606	1.001	19000
theta[6,2]	-0.3981	0.6213	-1.51	1.0049	1.001	27000
theta[7,2]	-0.4543	0.5787	-1.5405	0.7947	1.0012	8800
theta[8,2]	-0.4251	0.7954	-2.0754	1.1472	1.001	27000
theta[9,2]	0.8342	0.5277	-0.1703	1.9043	1.001	27000
theta[10,2]	-0.8531	0.7131	-2.4561	0.3672	1.0013	6100
theta[11,2]	-0.3994	0.5609	-1.5116	0.6945	1.001	27000
theta[9,3]	-0.0656	0.4729	-0.9909	0.85	1.001	20000
theta[10,3]	-1.1716	0.6267	-2.4827	-0.0051	1.0011	10000
theta[11,3]	-1.2798	0.5901	-2.5246	-0.2068	1.0013	5600
theta[1,2]	-2.0777	0.6424	-3.4415	-0.8927	1.001	25000
theta[2,2]	0.2341	0.1884	-0.1408	0.6019	1.0009	27000
theta[3,2]	0.2827	0.2009	-0.1093	0.6816	1.001	24000
theta[4,2]	1.8461	0.4946	0.8969	2.8507	1.0012	9300
theta[4,3]	1.4745	0.4623	0.5648	2.3784	1.001	27000
theta[1,2]	-1.2424	0.2302	-1.6823	-0.7712	1.0011	18000
theta[2,2]	-0.1841	0.4901	-1.0889	0.7974	1.0011	12000
theta[3,2]	-0.8377	0.5125	-1.8856	0.1903	1.001	27000
theta[4,2]	-0.346	0.5045	-1.358	0.6262	1.0011	17000
theta[4,3]	-2.0186	0.4171	-2.878	-1.2321	1.0012	8700
theta[1,2]	-1.0482	0.3165	-1.7213	-0.4663	1.0015	3300
theta[2,2]	-1.0061	0.3063	-1.6254	-0.4094	1.0011	18000
theta[3,2]	0.3527	0.2184	-0.103	0.7504	1.0009	27000
theta[4,2]	0.6529	0.2988	0.0936	1.3012	1.001	19000
theta[5,2]	0.5355	0.2119	0.1232	0.968	1.001	27000
theta[6,2]	-0.286	0.2894	-0.8307	0.3147	1.001	27000
theta[7,2]	0.2406	0.2215	-0.2259	0.6554	1.001	27000
theta[8,2]	0.6257	0.2625	0.1112	1.1615	1.001	27000
theta[9,2]	0.6092	0.3393	-0.0524	1.3251	1.0011	12000
theta[10,2]	-0.2173	0.3741	-0.9761	0.5917	1.0027	1100
theta[11,2]	-0.2402	0.1054	-0.4487	-0.0331	1.0011	13000
theta[12,2]	-0.8369	0.2554	-1.3582	-0.3346	1.0013	5900
theta[13,2]	0.5654	0.2718	0.0076	1.0963	1.001	27000
theta[14,2]	0.4858	0.2727	-0.1022	1.003	1.0011	14000
theta[15,2]	0.8049	0.3037	0.2982	1.4971	1.0011	11000
theta[16,2]	0.3601	0.3729	-0.4341	1.1195	1.0013	6600
theta[13,3]	-0.3239	0.2726	-0.8479	0.2262	1.001	27000
theta[14,3]	-0.4499	0.2483	-0.9484	0.036	1.0011	11000
theta[15,3]	-0.3351	0.2912	-0.9041	0.2588	1.001	27000
theta[16,3]	-0.0116	0.3348	-0.6676	0.7221	1.0018	7000
theta[1,2]	0.4626	0.2944	-0.1166	1.0513	1.0011	16000
theta[2,2]	0.9588	0.262	0.4572	1.5057	1.0013	4900
theta[3,2]	1.0568	0.3023	0.4488	1.6358	1.0015	3800
theta[4,2]	1.5275	0.4513	0.713	2.5076	1.001	27000
theta[5,2]	0.5283	0.3125	-0.0546	1.1789	1.001	27000
theta[6,2]	1.5644	0.6096	0.3564	2.7542	1.001	27000
theta[7,2]	0.7826	0.3179	0.159	1.4041	1.0027	1200
theta[8,2]	1.1988	0.4169	0.3904	2.0282	1.0025	1300
theta[9,2]	0.3684	0.5426	-0.6858	1.4303	1.001	27000
theta[10,2]	0.8559	0.3412	0.2187	1.5684	1.0017	2600
theta[11,2]	0.7138	1.1767	-1.4399	3.1149	1.0054	460
theta[12,2]	0.4754	0.7946	-1.099	2.0855	1.001	26000
theta[13,2]	-0.2603	0.461	-1.1606	0.6584	1.0011	9900
theta[14,2]	1.6522	0.2857	1.1147	2.2554	1.0012	6900
theta[15,2]	0.5774	0.5204	-0.4287	1.6109	1.0013	6300
theta[16,2]	0.5112	0.6147	-0.6673	1.7504	1.0028	1100
theta[17,2]	0.9184	0.257	0.3987	1.4272	1.0013	6500
theta[18,2]	0.9198	0.2334	0.455	1.3784	1.0012	9500
theta[19,2]	1.1469	0.3498	0.4779	1.86	1.0012	7900
theta[20,2]	-0.0679	0.4142	-0.8699	0.7456	1.0011	12000
theta[21,2]	1.4881	0.5862	0.3154	2.6221	1.001	20000
theta[22,2]	0.2464	0.3358	-0.4137	0.9135	1.0011	14000
theta[23,2]	0.1831	0.6243	-1.031	1.4051	1.0013	5200
theta[24,2]	0.5907	0.2418	0.0898	1.038	1.0016	2900
theta[25,2]	0.3808	0.7264	-1.0314	1.8274	1.0013	5700
theta[26,2]	0.6163	0.3567	-0.0559	1.328	1.0026	1200
theta[27,2]	-1.5724	0.8753	-3.3623	0.0655	1.0012	9100
theta[28,2]	0.7664	0.3071	0.1633	1.3668	1.0028	1100
theta[29,2]	-5e-04	0.2964	-0.5823	0.5794	1.001	27000
theta[30,2]	1.5642	0.3722	0.8372	2.2894	1.0025	1300
theta[31,2]	1.6129	0.2654	1.0855	2.1512	1.0014	4600
theta[32,2]	-0.1162	0.5155	-1.1231	0.8935	1.0017	2600
theta[33,2]	0.8431	0.2399	0.3387	1.2851	1.0011	15000
theta[34,2]	1.9653	0.3281	1.3242	2.6148	1.001	27000
theta[30,3]	1.3748	0.2458	0.8859	1.8514	1.001	27000
theta[31,3]	1.3553	0.2598	0.8362	1.8692	1.001	19000
theta[32,3]	-0.1026	0.4827	-1.0306	0.8489	1.002	2000
theta[33,3]	1.6728	0.2911	1.1397	2.297	1.0012	6800
theta[34,3]	1.644	0.2507	1.1602	2.1537	1.0014	4800
theta[1,2]	-1.6727	0.3494	-2.3991	-1.0341	1.0012	7700
theta[2,2]	-0.6751	0.292	-1.2291	-0.0972	1.0012	8400
theta[3,2]	-1.2667	0.3609	-1.9884	-0.5598	1.0009	27000
theta[4,2]	-1.4089	0.3721	-2.1567	-0.6867	1.001	27000
theta[5,2]	-3.9092	0.7168	-5.4363	-2.6276	1.0018	2400
theta[6,2]	-0.0662	0.3576	-0.7707	0.6323	1.0011	16000
theta[7,2]	-1.0442	0.4766	-1.9464	-0.0765	1.0014	4800
theta[8,2]	-1.5154	0.3554	-2.2372	-0.8473	1.0009	27000
theta[9,2]	-1.3115	0.3582	-2.0276	-0.6079	1.0011	11000
theta[10,2]	-1.78	0.4509	-2.7283	-0.9808	1.0014	4300
theta[11,2]	-0.9903	0.3885	-1.7192	-0.1882	1.001	27000
theta[12,2]	-1.3638	0.3189	-2.0037	-0.7429	1.0011	12000
theta[13,2]	-2.515	0.4215	-3.3407	-1.6875	1.001	27000
theta[14,2]	0.447	0.2806	-0.094	0.998	1.0011	14000
theta[14,3]	-1.0659	0.3316	-1.7077	-0.3942	1.0011	15000
theta[1,2]	-0.3531	0.2875	-0.9372	0.193	1.001	27000
theta[2,2]	-0.2104	0.3187	-0.879	0.3928	1.001	20000
theta[3,2]	0.0882	0.2421	-0.3841	0.568	1.0011	12000
theta[4,2]	-0.0535	0.1562	-0.3625	0.2508	1.001	27000
theta[5,2]	-0.2086	0.1999	-0.6171	0.17	1.0012	8300
theta[6,2]	0.1141	0.2377	-0.3492	0.5862	1.001	27000
theta[7,2]	0.3728	0.2613	-0.1378	0.8819	1.0011	18000
theta[8,2]	0.0666	0.1593	-0.2411	0.3811	1.001	27000
theta[9,2]	-0.3732	0.311	-0.9618	0.2761	1.0012	9100
theta[10,2]	-0.0656	0.2643	-0.5912	0.4482	1.001	27000
theta[11,2]	0.1962	0.1695	-0.1342	0.5306	1.001	23000
theta[12,2]	-0.122	0.1922	-0.4942	0.2589	1.0011	12000
theta[13,2]	0.1457	0.273	-0.389	0.6803	1.0009	27000
theta[14,2]	-0.0334	0.2059	-0.4193	0.394	1.0011	14000
theta[15,2]	0.4352	0.2859	-0.1118	1.0185	1.0011	14000
theta[15,3]	-0.0172	0.2525	-0.5123	0.4949	1.0009	27000
theta[1,2]	0.3333	0.2371	-0.1185	0.8089	1.001	27000
theta[2,2]	0.993	0.2466	0.5205	1.4841	1.001	27000
theta[3,2]	-0.2139	0.2627	-0.7385	0.2927	1.001	27000
theta[4,2]	0.8517	0.2786	0.3056	1.3989	1.001	23000
theta[5,2]	-0.265	0.1894	-0.6401	0.1012	1.0012	7400
theta[1,2]	-3.6408	0.7601	-5.2342	-2.245	1.001	27000
theta[2,2]	-2.1395	0.8246	-3.7591	-0.52	1.001	27000
theta[3,2]	-2.8483	1.3249	-5.6877	-0.4195	1.0011	16000
theta[4,2]	-2.71	0.6105	-3.9419	-1.548	1.0011	15000
theta[5,2]	-0.7238	0.1311	-0.9807	-0.4606	1.001	27000
theta[6,2]	-49.7203	30.8941	-109.9331	-3.1562	1.2479	12
theta[7,2]	0.8537	1.2221	-1.3377	3.5281	1.001	27000
theta[8,2]	-0.7794	0.3547	-1.4872	-0.1013	1.0014	4000
theta[9,2]	0.7957	0.9125	-0.8972	2.7331	1.001	21000
theta[10,2]	0.1421	0.4916	-0.8186	1.1088	1.001	21000
theta[11,2]	0.4565	0.4466	-0.4063	1.3569	1.0011	14000
theta[12,2]	-0.465	0.8216	-2.2029	1.0269	1.0011	16000
theta[13,2]	-0.2392	1.1299	-2.6586	1.8241	1.0009	27000
theta[14,2]	0.7627	0.5529	-0.2828	1.8907	1.0011	14000
theta[15,2]	-0.485	0.5387	-1.5693	0.5471	1.0011	11000
theta[16,2]	0.0561	0.4547	-0.8009	0.9699	1.0014	4500
theta[1,2]	0.0987	0.2135	-0.3205	0.5217	1.001	27000
theta[2,2]	0.0902	0.2123	-0.3209	0.5079	1.0011	18000
theta[3,2]	-0.1897	0.1863	-0.5777	0.1631	1.0012	6600
theta[4,2]	-0.0321	0.182	-0.3725	0.3454	1.0012	7600
theta[5,2]	-0.1881	0.1795	-0.5403	0.1608	1.001	27000
theta[6,2]	-0.118	0.1229	-0.3612	0.1246	1.0012	7600
theta[1,2]	-0.4378	0.3539	-1.1534	0.2845	1.001	26000
theta[2,2]	-0.6302	0.373	-1.4933	-2e-04	1.0013	5500
theta[3,2]	-0.4555	0.2509	-0.9576	0.0337	1.001	27000
theta[4,2]	-0.4802	0.3215	-1.155	0.1444	1.001	27000
theta[5,2]	-0.3822	0.2233	-0.8156	0.0624	1.0009	27000
theta[6,2]	-0.2848	0.4754	-1.2966	0.5924	1.0009	27000
theta[7,2]	-0.0876	0.3505	-0.7758	0.5964	1.001	27000
theta[8,2]	-1.495	0.5343	-2.5653	-0.4704	1.001	27000
theta[9,2]	-1.5775	0.4974	-2.5968	-0.6424	1.0011	17000
theta[10,2]	-1.3819	0.5865	-2.5008	-0.1854	1.0011	12000
theta[11,2]	-3.6499	0.9864	-5.7891	-1.9105	1.0018	2400
theta[12,2]	0.7461	0.524	-0.1631	1.9218	1.0015	3500
theta[13,2]	0.627	0.3536	-0.0558	1.3353	1.0016	3000
theta[14,2]	0.6655	0.479	-0.2164	1.6828	1.0013	5800
theta[15,2]	1.0445	0.7552	-0.3742	2.6051	1.001	22000
theta[16,2]	1.3796	0.9373	-0.4185	3.3	1.001	27000
theta[17,2]	-2.4367	0.9624	-4.4896	-0.6563	1.0012	7400
theta[18,2]	0.8735	1.0415	-1.0687	3.0559	1.0014	4400
theta[19,2]	3.054	0.9049	1.4689	5.0263	1.0016	2900
theta[19,3]	0.3655	0.4625	-0.6337	1.215	1.0014	4200
theta[1,2]	0.0926	0.2147	-0.3474	0.5145	1.001	27000
theta[2,2]	0.2699	0.228	-0.142	0.7601	1.001	27000
theta[3,2]	0.1152	0.2039	-0.2971	0.5169	1.001	22000
theta[4,2]	0.1497	0.2091	-0.2668	0.5679	1.001	27000
theta[5,2]	0.1727	0.2215	-0.2585	0.63	1.001	27000
theta[6,2]	0.0583	0.2478	-0.4665	0.529	1.001	27000
theta[7,2]	-0.0546	0.2175	-0.5193	0.3297	1.001	27000
theta[8,2]	0.1173	0.2333	-0.3615	0.582	1.001	27000
theta[9,2]	0.2331	0.2287	-0.1925	0.7135	1.001	22000
theta[10,2]	0.186	0.2221	-0.2434	0.6429	1.0012	7400
theta[11,2]	0.0265	0.2119	-0.4204	0.4278	1.0009	27000
theta[12,2]	0.1544	0.1716	-0.189	0.4948	1.001	27000
theta[13,2]	0.1372	0.1879	-0.2392	0.5128	1.001	27000
theta[14,2]	-0.1151	0.279	-0.6651	0.4482	1.001	27000
theta[15,2]	0.0917	0.2377	-0.3783	0.556	1.001	22000
theta[16,2]	0.7624	0.2475	0.2756	1.2467	1.001	27000
theta[17,2]	0.6153	0.281	0.0553	1.1526	1.001	27000
theta[18,2]	0.7409	0.3158	0.1277	1.3719	1.0009	27000
theta[19,2]	0.1252	0.2224	-0.2957	0.5803	1.0012	7100
theta[20,2]	-0.2893	0.2194	-0.7235	0.1411	1.0011	15000
theta[21,2]	-0.316	0.23	-0.7797	0.1354	1.001	27000
theta[22,2]	-0.3366	0.1695	-0.6687	-0.0079	1.001	26000
theta[23,2]	-0.1021	0.2286	-0.517	0.3784	1.0011	13000
theta[24,2]	-0.8467	0.583	-1.9008	0.3529	1.0013	5400
theta[25,2]	0.02	0.1895	-0.3339	0.4149	1.0011	11000
theta[26,2]	-0.017	0.2207	-0.4374	0.4427	1.0011	14000
theta[27,2]	-0.3819	0.2114	-0.8235	8e-04	1.001	27000
theta[28,2]	-0.0735	0.2278	-0.5206	0.3889	1.001	27000
theta[29,2]	0.181	0.2974	-0.3958	0.7746	1.0012	9100
theta[30,2]	0.1344	0.3169	-0.4922	0.7632	1.0011	10000
theta[31,2]	0.2242	0.3022	-0.359	0.8334	1.0011	16000
theta[32,2]	-0.8669	0.2498	-1.3883	-0.3844	1.0013	6400
theta[33,2]	-0.942	0.2027	-1.3674	-0.5623	1.0012	6800
theta[34,2]	-0.8537	0.241	-1.3483	-0.3861	1.0012	8800
theta[35,2]	-0.5563	0.1619	-0.8625	-0.224	1.0011	17000
theta[36,2]	-0.6692	0.1837	-1.0348	-0.3004	1.001	27000
theta[37,2]	-0.5329	0.2787	-1.0745	0.031	1.0011	15000
theta[38,2]	-1.0564	0.2542	-1.6116	-0.619	1.001	27000
theta[39,2]	-0.8109	0.2455	-1.3164	-0.328	1.001	27000
theta[40,2]	-0.6436	0.2271	-1.0692	-0.1708	1.001	27000
theta[41,2]	-0.6934	0.2191	-1.1095	-0.2394	1.001	25000
theta[42,2]	-0.8406	0.2479	-1.3621	-0.3674	1.0011	14000
theta[43,2]	-0.7941	0.2234	-1.2435	-0.3491	1.001	27000
theta[44,2]	-0.292	0.2758	-0.8733	0.2191	1.0012	6900
theta[45,2]	0.1565	0.2885	-0.4075	0.731	1.0012	9200
theta[46,2]	-0.0989	0.2056	-0.5204	0.2852	1.0011	14000
theta[47,2]	0.1442	0.2363	-0.3146	0.6164	1.0012	9500
theta[48,2]	-0.0091	0.2688	-0.5655	0.4997	1.001	27000
theta[49,2]	-0.0275	0.1832	-0.377	0.3495	1.0009	27000
theta[50,2]	-0.1034	0.2162	-0.5349	0.3288	1.0009	27000
theta[44,3]	-1.0342	0.262	-1.569	-0.5313	1.0011	11000
theta[45,3]	0.4649	0.3009	-0.0833	1.1006	1.0014	4700
theta[46,3]	-0.7157	0.2117	-1.1163	-0.284	1.001	20000
theta[47,3]	-0.5681	0.2258	-1.0071	-0.1226	1.0011	16000
theta[48,3]	-0.7945	0.257	-1.3359	-0.3286	1.001	25000
theta[49,3]	-0.7063	0.1816	-1.0528	-0.3382	1.001	27000
theta[50,3]	-0.6297	0.2312	-1.0542	-0.1443	1.001	27000
theta[1,2]	0.8194	0.3845	0.1375	1.6669	1.001	27000
theta[2,2]	0.5262	0.2959	-0.0689	1.0944	1.0009	27000
theta[3,2]	0.5821	0.3322	-0.0598	1.2484	1.001	20000
theta[4,2]	0.6898	0.3315	0.0488	1.3523	1.001	27000
theta[5,2]	0.1545	0.5028	-0.8021	1.2121	1.001	27000
theta[1,2]	0.2708	0.2948	-0.3046	0.8484	1.0012	6900
theta[2,2]	-0.9506	0.2361	-1.4231	-0.4956	1.001	27000
theta[3,2]	-1.5451	0.5754	-2.7522	-0.5101	1.0009	27000
theta[4,2]	-0.3022	0.2602	-0.8113	0.2125	1.001	27000
theta[5,2]	-0.3948	0.1499	-0.6883	-0.0968	1.001	27000
theta[6,2]	-1.0699	0.1906	-1.4403	-0.6953	1.001	27000
theta[7,2]	-2.0454	0.6454	-3.3691	-0.8243	1.001	27000
theta[8,2]	-0.9957	0.2602	-1.496	-0.4869	1.0012	7100
theta[9,2]	-0.6997	0.3356	-1.3286	-0.0252	1.0014	4700
theta[10,2]	-0.329	0.265	-0.837	0.1882	1.001	26000
theta[11,2]	-0.451	0.35	-1.1167	0.2498	1.0017	2800
theta[12,2]	-0.5058	0.2854	-1.0499	0.0598	1.0017	2700
theta[13,2]	-0.1199	0.1758	-0.4562	0.2244	1.0011	18000
theta[14,2]	-0.5713	0.204	-0.9724	-0.1714	1.0012	9600
theta[15,2]	-0.8392	0.741	-2.3207	0.5693	1.001	21000
theta[16,2]	0.2078	0.4238	-0.6116	1.0539	1.0009	27000
theta[17,2]	-1.6126	0.8285	-3.4778	-0.2064	1.001	25000
theta[18,2]	-1.4881	0.7099	-3.0183	-0.2514	1.001	27000
theta[19,2]	0.202	0.2103	-0.2077	0.6145	1.0012	6900
theta[20,2]	0.6498	0.5505	-0.4303	1.7344	1.001	27000
theta[21,2]	-0.6644	0.4184	-1.4959	0.1399	1.001	27000
theta[22,2]	0.06	0.3801	-0.6827	0.8105	1.0011	13000
theta[23,2]	0.6238	0.184	0.2594	0.9843	1.001	27000
theta[24,2]	0.4875	0.3511	-0.194	1.1733	1.0012	9000
theta[25,2]	-1.8056	0.4338	-2.6793	-0.9724	1.0009	27000
theta[26,2]	-1.1663	0.2283	-1.6154	-0.7195	1.001	27000
theta[27,2]	-1.78	0.2785	-2.3113	-1.2268	1.001	27000
theta[28,2]	5e-04	0.2544	-0.491	0.5021	1.0012	9000
theta[28,3]	-0.431	0.2857	-0.9715	0.1441	1.0012	6600
theta[1,2]	-0.846	0.2235	-1.2926	-0.412	1.001	19000
theta[2,2]	-0.7728	0.2037	-1.1737	-0.3707	1.0009	27000
theta[3,2]	-0.9804	0.3083	-1.6499	-0.4309	1.0011	12000
theta[4,2]	-0.2656	0.226	-0.7028	0.1975	1.001	27000
theta[5,2]	-0.3654	0.151	-0.667	-0.0723	1.001	27000
theta[6,2]	-0.3077	0.1745	-0.647	0.0387	1.001	27000
theta[7,2]	-2.0321	0.4389	-2.9015	-1.1816	1.0016	2900
theta[8,2]	-0.8295	0.2591	-1.3919	-0.3656	1.001	26000
theta[9,2]	-0.4857	0.1754	-0.8186	-0.1301	1.001	27000
theta[10,2]	-0.6431	0.19	-1.0188	-0.2751	1.0011	18000
theta[11,2]	-0.5436	0.237	-0.9918	-0.0588	1.001	27000
theta[12,2]	-0.4623	0.2145	-0.8656	-0.0231	1.0011	12000
theta[13,2]	-0.8357	0.2001	-1.2496	-0.4636	1.0012	8900
theta[1,2]	-0.3839	0.317	-1.002	0.2391	1.0015	3400
theta[2,2]	0.2992	0.2218	-0.129	0.7383	1.001	27000
theta[3,2]	0.2535	0.3613	-0.4998	0.9498	1.0011	12000
theta[4,2]	-0.1356	0.1563	-0.4404	0.1689	1.001	27000
theta[5,2]	-0.2146	0.3417	-0.9528	0.4057	1.0011	13000
theta[6,2]	-0.0782	0.1469	-0.3682	0.2058	1.001	27000
theta[7,2]	-0.3709	0.1964	-0.7599	0.0127	1.0012	9600
