mean	sd	2.5%	97.5%
delta[1,2]	-0.077	0.1694	-0.4173	0.2503
delta[2,2]	0.2361	0.2183	-0.1839	0.6733
delta[3,2]	-0.0093	0.1604	-0.3226	0.3103
delta[4,2]	0.3611	0.1844	0.0137	0.7474
delta[5,2]	-0.0992	0.1846	-0.4833	0.2518
delta[6,2]	-0.0524	0.1762	-0.4059	0.2913
delta[7,2]	-0.1865	0.1758	-0.5365	0.1615
delta[8,2]	-0.0225	0.1689	-0.3534	0.3134
delta[9,2]	-0.1392	0.1807	-0.4871	0.2214
delta[10,2]	0.2223	0.1491	-0.0765	0.5112
delta[11,2]	-0.0844	0.1665	-0.4143	0.2427
delta[12,2]	0.1946	0.1781	-0.151	0.5435
delta[13,2]	0.1703	0.2052	-0.2299	0.5716
delta[14,2]	0.0926	0.1752	-0.2524	0.4324
delta[15,2]	0.1528	0.1662	-0.1887	0.4701
delta[16,2]	0.2713	0.1653	-0.0451	0.6098
delta[17,2]	0.2137	0.1464	-0.0751	0.5009
delta[18,2]	0.0294	0.1573	-0.2697	0.3529
delta[19,2]	0.0798	0.1431	-0.2037	0.3571
delta[20,2]	0.233	0.1431	-0.0447	0.5193
delta[21,2]	0.0169	0.1506	-0.2739	0.3214
delta[22,2]	0.2288	0.1422	-0.056	0.508
delta[23,2]	0.1956	0.1525	-0.1175	0.4871
delta[24,2]	0.3095	0.1587	0.0125	0.6403
delta[25,2]	0.2456	0.1641	-0.0819	0.5737
delta[26,2]	-0.299	0.1684	-0.6263	0.0356
delta[27,2]	-0.2951	0.195	-0.6723	0.1006
delta[28,2]	-0.3867	0.2018	-0.7895	0.0057
delta[29,2]	-0.3658	0.1669	-0.6974	-0.0425
delta[30,2]	-0.4742	0.2112	-0.888	-0.0544
delta[31,2]	-0.3844	0.1932	-0.7678	-0.0048
delta[32,2]	-0.3358	0.2006	-0.7334	0.0625
delta[33,2]	-0.0875	0.148	-0.3691	0.22
delta[34,2]	0.1568	0.1519	-0.1323	0.4707
delta[35,2]	-0.1806	0.138	-0.4619	0.0882
delta[36,2]	-0.1509	0.1351	-0.4195	0.1198
delta[37,2]	0.1592	0.156	-0.1351	0.4881
delta[38,2]	-0.1227	0.1438	-0.4003	0.1652
delta[39,2]	-0.1313	0.1431	-0.4102	0.1534
delta[40,2]	0.1912	0.1583	-0.1044	0.5314
delta[41,2]	-0.1692	0.1479	-0.4724	0.1199
delta[42,2]	-0.1498	0.1497	-0.4475	0.1493
delta[43,2]	-0.0424	0.1432	-0.3445	0.2333
delta[44,2]	0.1157	0.1211	-0.1023	0.3708
delta[45,2]	0.0292	0.114	-0.1879	0.2649
delta[46,2]	-0.0165	0.1314	-0.2787	0.2469
delta[47,2]	-0.0542	0.1414	-0.3485	0.2133
delta[48,2]	-0.0527	0.1635	-0.3947	0.2595
delta[49,2]	0.1277	0.1295	-0.1301	0.3823
delta[50,2]	0.0511	0.1485	-0.2375	0.3508
delta[51,2]	-0.0426	0.152	-0.3557	0.2471
delta[52,2]	0.1211	0.1378	-0.1386	0.4038
delta[53,2]	-0.0926	0.1584	-0.4284	0.1962
delta[54,2]	-0.0207	0.1305	-0.2797	0.2392
delta[55,2]	-0.0361	0.1356	-0.3125	0.2281
delta[56,2]	-0.0444	0.1403	-0.3312	0.2252
delta[57,2]	-0.0514	0.1351	-0.3312	0.2068
delta[58,2]	0.1707	0.141	-0.1238	0.4333
delta[59,2]	-0.1021	0.1496	-0.4291	0.1646
delta[60,2]	0.046	0.1437	-0.2283	0.3335
delta[61,2]	0.0457	0.164	-0.2733	0.3748
delta[62,2]	0.2023	0.1512	-0.1019	0.4938
delta[63,2]	-0.0973	0.1331	-0.3576	0.1677
delta[64,2]	-0.0479	0.1558	-0.3622	0.2583
delta[65,2]	-0.0846	0.1485	-0.3942	0.189
delta[66,2]	0.2263	0.1304	-0.0327	0.4842
delta[67,2]	0.2852	0.1344	0.0324	0.5609
delta[68,2]	0.0122	0.1411	-0.2643	0.2959
delta[69,2]	0.2545	0.1334	-0.005	0.521
delta[70,2]	0.3119	0.1445	0.0448	0.6183
delta[71,2]	-0.1452	0.1347	-0.3995	0.1312
delta[72,2]	-0.293	0.1454	-0.5875	-0.0159
delta[73,2]	-0.2672	0.1451	-0.5609	0.0124
delta[74,2]	-0.2591	0.1403	-0.5336	0.0245
delta[75,2]	0.1317	0.1451	-0.1534	0.4255
delta[76,2]	0.0696	0.1406	-0.2191	0.3389
delta[77,2]	-0.3047	0.1293	-0.5638	-0.0542
delta[78,2]	0.2878	0.1431	0.0093	0.5827
delta[79,2]	-0.0617	0.1417	-0.3502	0.2152
delta[80,2]	-0.018	0.1385	-0.2861	0.2637
delta[81,2]	0.3186	0.1443	0.0472	0.626
delta[82,2]	0.0077	0.1371	-0.2661	0.2786
delta[83,2]	0.289	0.1298	0.0366	0.5541
delta[84,2]	0.2907	0.1373	0.0225	0.5714
delta[85,2]	0.2638	0.1443	-0.0287	0.5504
delta[86,2]	0.3128	0.1232	0.0764	0.5665
delta[87,2]	0.0348	0.1482	-0.2528	0.3391
delta[88,2]	0.2819	0.1305	0.0239	0.5459
delta[89,2]	-0.217	0.1382	-0.5043	0.0431
delta[90,2]	0.2693	0.129	0.0138	0.5274
delta[91,2]	0.2595	0.1297	-0.0039	0.5135
delta[92,2]	0.2733	0.1398	-0.0091	0.554
delta[93,2]	0.3237	0.135	0.069	0.6033
delta[94,2]	0.286	0.1306	0.0322	0.5528
delta[95,2]	-0.1791	0.1405	-0.4418	0.1137
delta[96,2]	-0.2818	0.1299	-0.5422	-0.0273
delta[97,2]	-0.2732	0.1448	-0.5633	0.0081
delta[98,2]	-0.0226	0.15	-0.3137	0.2774
delta[99,2]	-0.2894	0.1298	-0.5492	-0.0389
delta[100,2]	-0.0755	0.1413	-0.3689	0.1871
delta[101,2]	0.108	0.1456	-0.1792	0.3975
delta[102,2]	0.1556	0.1444	-0.1205	0.4534
delta[103,2]	0.2057	0.1409	-0.0881	0.4709
delta[104,2]	0.1341	0.1424	-0.1516	0.4156
delta[104,3]	-0.0533	0.1333	-0.3308	0.198
delta[1,2]	-0.0158	0.1493	-0.2999	0.2894
delta[2,2]	-0.0459	0.1641	-0.3685	0.2829
delta[3,2]	-0.0239	0.1796	-0.3694	0.3489
delta[4,2]	-0.1556	0.1538	-0.4764	0.133
delta[5,2]	0.0663	0.2401	-0.4055	0.5343
delta[6,2]	-0.0041	0.2348	-0.4898	0.476
delta[7,2]	0.1673	0.2174	-0.2017	0.6512
delta[8,2]	-0.0638	0.1851	-0.4485	0.2856
delta[9,2]	0.0177	0.235	-0.4456	0.5131
delta[10,2]	0.0929	0.212	-0.284	0.561
delta[11,2]	-0.05	0.1849	-0.4366	0.3033
delta[12,2]	0.0467	0.2202	-0.3621	0.5181
delta[13,2]	-0.0627	0.1164	-0.2951	0.1631
delta[14,2]	-0.2484	0.3633	-0.9655	0.4568
delta[15,2]	-0.2636	0.3851	-1.0164	0.4848
delta[1,2]	-0.2078	0.2949	-0.802	0.3625
delta[2,2]	-0.2144	0.2448	-0.6978	0.2635
delta[3,2]	-0.5564	0.1928	-0.969	-0.2019
delta[4,2]	-0.5295	0.1674	-0.8593	-0.1958
delta[5,2]	-0.5139	0.2088	-0.9539	-0.1134
delta[6,2]	-0.4425	0.1958	-0.8211	-0.0422
delta[7,2]	-0.5476	0.1714	-0.8932	-0.2093
delta[8,2]	-0.4733	0.1741	-0.8184	-0.1257
delta[9,2]	-0.1651	0.2675	-0.6985	0.348
delta[10,2]	0.1215	0.1933	-0.2458	0.5213
delta[11,2]	-0.0883	0.2553	-0.5946	0.4123
delta[12,2]	-0.4477	0.146	-0.7207	-0.1466
delta[13,2]	0.5448	0.3151	-0.0509	1.1875
delta[14,2]	-0.6885	0.3038	-1.2823	-0.093
delta[15,2]	-0.4653	0.2008	-0.862	-0.0587
delta[16,2]	-0.6252	0.1938	-1.0419	-0.2708
delta[17,2]	0.1025	0.1683	-0.2214	0.4398
delta[18,2]	-0.1583	0.3562	-0.8425	0.5544
delta[19,2]	0.5369	0.3326	-0.1034	1.2006
delta[20,2]	0.4444	0.3175	-0.1827	1.0621
delta[21,2]	-0.2567	0.515	-1.2705	0.7442
delta[17,3]	-0.4993	0.1755	-0.8562	-0.1541
delta[18,3]	-0.6907	0.3339	-1.3499	-0.0364
delta[19,3]	0.3906	0.2841	-0.1447	0.9735
delta[20,3]	0.2953	0.2655	-0.2269	0.8148
delta[21,3]	-0.7702	0.4396	-1.6185	0.099
delta[19,4]	-0.1157	0.2704	-0.6313	0.4423
delta[20,4]	-0.1747	0.2523	-0.6728	0.3274
delta[21,4]	-0.9127	0.452	-1.7974	-0.0213
delta[1,2]	-0.2273	0.1752	-0.5618	0.1316
delta[2,2]	-0.1342	0.2075	-0.5002	0.3199
delta[3,2]	-0.3052	0.1742	-0.6607	0.0339
delta[4,2]	-0.3698	0.1823	-0.7544	-0.0348
delta[5,2]	-0.3169	0.1751	-0.6775	0.0166
delta[6,2]	-0.4825	0.3328	-1.1348	0.1701
delta[1,2]	-1.0692	0.4862	-2.0265	-0.1236
delta[2,2]	-1.1944	0.4319	-2.0223	-0.3266
delta[3,2]	-2.1403	0.4267	-2.9851	-1.3108
delta[4,2]	-0.9007	0.3191	-1.521	-0.2731
delta[5,2]	-2.0155	0.2732	-2.5484	-1.4832
delta[6,2]	-1.0139	0.3268	-1.6529	-0.3689
delta[7,2]	-1.3819	0.3115	-1.9937	-0.772
delta[8,2]	-0.5203	0.2418	-0.9942	-0.0452
delta[9,2]	-0.884	0.2433	-1.3584	-0.4134
delta[1,2]	0.4249	0.2404	-0.0295	0.9206
delta[2,2]	-1.5505	0.3353	-2.1804	-0.8678
delta[3,2]	1.4987	0.2409	1.0463	1.9898
delta[4,2]	1.0639	0.1758	0.7156	1.4011
delta[5,2]	-0.7055	0.2095	-1.1168	-0.2924
delta[6,2]	-0.092	0.2319	-0.5463	0.363
delta[7,2]	-0.8214	0.2982	-1.4024	-0.2326
delta[8,2]	-1.0841	0.1501	-1.3797	-0.7884
delta[9,2]	-1.2176	0.1718	-1.5584	-0.8855
delta[8,3]	0.1649	0.1166	-0.0644	0.3938
delta[9,3]	0.4934	0.1256	0.2486	0.7406
delta[9,4]	-1.7349	0.2494	-2.2247	-1.2541
delta[1,2]	-1.6812	0.4013	-2.5105	-0.9322
delta[2,2]	-1.378	0.3108	-1.9888	-0.7717
delta[3,2]	-0.9945	0.319	-1.6221	-0.3449
delta[4,2]	-0.9808	0.3005	-1.5783	-0.3693
delta[5,2]	-1.1068	0.2622	-1.6412	-0.6105
delta[6,2]	-1.0856	0.3147	-1.7503	-0.4844
delta[7,2]	-1.0206	0.3158	-1.6545	-0.3878
delta[8,2]	-0.9473	0.2604	-1.4436	-0.4142
delta[9,2]	-1.04	0.2877	-1.63	-0.4842
delta[10,2]	-1.0908	0.2514	-1.6046	-0.6105
delta[11,2]	-1.0581	0.3146	-1.7079	-0.4506
delta[12,2]	-0.994	0.3188	-1.6225	-0.3312
delta[13,2]	-1.043	0.3135	-1.684	-0.4294
delta[14,2]	-1.7698	0.3222	-2.4593	-1.1703
delta[15,2]	-1.5374	0.2785	-2.0544	-0.9528
delta[16,2]	-1.5859	0.2686	-2.0962	-1.0337
delta[17,2]	-1.5233	0.2391	-1.9724	-1.0332
delta[18,2]	-1.8136	0.2731	-2.3918	-1.3042
delta[19,2]	-1.7998	0.2938	-2.4287	-1.255
delta[20,2]	-1.7442	0.2692	-2.2981	-1.2273
delta[21,2]	-1.7318	0.307	-2.3795	-1.1494
delta[22,2]	-1.7638	0.3003	-2.3912	-1.1976
delta[23,2]	-1.7251	0.3013	-2.3524	-1.1515
delta[24,2]	-0.8335	0.2606	-1.3554	-0.3246
delta[25,2]	-0.6726	0.2821	-1.2012	-0.0946
delta[26,2]	-0.746	0.3191	-1.3588	-0.0932
delta[27,2]	-0.8439	0.291	-1.4282	-0.2739
delta[28,2]	-0.8508	0.2694	-1.3896	-0.3305
delta[29,2]	-0.8486	0.2917	-1.438	-0.2839
delta[30,2]	-1.6282	0.2853	-2.2205	-1.0938
delta[31,2]	-1.7573	0.309	-2.4168	-1.1986
delta[32,2]	-1.6392	0.2952	-2.2493	-1.0794
delta[33,2]	-1.4903	0.2563	-1.985	-0.9775
delta[34,2]	-1.2909	0.2715	-1.7936	-0.7213
delta[35,2]	-1.2816	0.2942	-1.8585	-0.6997
delta[36,2]	-1.3093	0.3114	-1.9333	-0.7051
delta[37,2]	-1.1868	0.3023	-1.7807	-0.5867
delta[38,2]	-1.1948	0.3137	-1.7972	-0.5688
delta[39,2]	-1.4492	0.3752	-2.1716	-0.7049
delta[40,2]	-1.5097	0.3282	-2.1482	-0.8678
delta[41,2]	-1.5269	0.3689	-2.2468	-0.7969
delta[42,2]	-1.3796	0.2401	-1.868	-0.9204
delta[43,2]	-1.3413	0.2799	-1.9183	-0.7959
delta[44,2]	-1.525	0.2718	-2.1103	-1.0433
delta[45,2]	-1.2683	0.2324	-1.7174	-0.8032
delta[46,2]	-1.1376	0.2511	-1.5976	-0.6063
delta[47,2]	-1.4344	0.2612	-1.9861	-0.9498
delta[48,2]	-1.4025	0.2697	-1.9741	-0.8938
delta[49,2]	-1.3011	0.2186	-1.7337	-0.8646
delta[50,2]	-1.1427	0.2823	-1.6435	-0.5227
delta[51,2]	-1.3697	0.2923	-1.9706	-0.804
delta[52,2]	-1.0414	0.2672	-1.5909	-0.5338
delta[53,2]	-0.9328	0.2914	-1.499	-0.3558
delta[54,2]	-0.8764	0.2633	-1.3802	-0.3459
delta[55,2]	-0.8615	0.2482	-1.3428	-0.3633
delta[56,2]	-1.0016	0.2773	-1.5495	-0.4616
delta[57,2]	-1.0516	0.2785	-1.6057	-0.5146
delta[58,2]	-0.9025	0.2583	-1.4021	-0.3867
delta[59,2]	0.6166	0.3114	0.016	1.2449
delta[59,3]	-0.8593	0.2765	-1.3678	-0.2784
delta[1,2]	0.8097	0.2101	0.3796	1.2122
delta[2,2]	0.9013	0.2054	0.5011	1.3176
delta[3,2]	0.8716	0.254	0.366	1.3826
delta[4,2]	0.8951	0.2346	0.443	1.3805
delta[5,2]	0.847	0.2585	0.3228	1.3587
delta[6,2]	0.5319	0.2034	0.1246	0.9296
delta[1,2]	-0.5921	0.1726	-0.9346	-0.2581
delta[2,2]	-0.3671	0.2143	-0.7711	0.0725
delta[3,2]	-0.6751	0.2869	-1.2996	-0.1643
delta[4,2]	-0.3406	0.2164	-0.7427	0.1025
delta[5,2]	-0.5491	0.2046	-0.9553	-0.1521
delta[6,2]	-0.5184	0.2076	-0.9221	-0.1068
delta[7,2]	-2.4294	0.268	-2.959	-1.8992
delta[8,2]	-2.505	0.2705	-3.0446	-1.9802
delta[9,2]	-2.217	0.4135	-3.0366	-1.4055
delta[10,2]	1.8289	0.3325	1.153	2.4632
delta[1,2]	-2.4718	0.6536	-3.9496	-1.3397
delta[2,2]	-2.1184	0.4341	-2.9653	-1.2642
delta[3,2]	-1.7294	0.5641	-2.8357	-0.6278
delta[4,2]	-1.1256	0.5793	-2.2693	-0.0015
delta[5,2]	-0.9491	0.4124	-1.7633	-0.1309
delta[6,2]	-1.0001	0.3169	-1.6212	-0.3803
delta[7,2]	-1.0796	0.4926	-2.0522	-0.1211
delta[8,2]	-1.169	0.5303	-2.1966	-0.1343
delta[9,2]	-1.3431	0.7496	-2.8183	0.1316
delta[10,2]	-1.2348	0.7735	-2.7365	0.3009
delta[1,2]	0.2308	0.3012	-0.3569	0.8246
delta[2,2]	-0.9238	0.2412	-1.397	-0.453
delta[3,2]	-0.2685	0.279	-0.8199	0.2756
delta[4,2]	-1.0581	0.1957	-1.4432	-0.6736
delta[5,2]	-1.9618	0.6355	-3.2048	-0.7113
delta[6,2]	-0.4427	0.2329	-0.8975	0.0135
delta[7,2]	-0.6736	0.4148	-1.5209	0.129
delta[8,2]	-0.337	0.4608	-1.2231	0.5992
delta[9,2]	-0.1817	0.5727	-1.2531	1.0244
delta[10,2]	-1.0555	0.9242	-3.098	0.5273
delta[11,2]	0.1846	0.4315	-0.6571	1.0342
delta[12,2]	-1.1515	0.865	-3.009	0.3511
delta[13,2]	0.4795	0.3029	-0.1163	1.0658
delta[14,2]	0.2129	0.2249	-0.2247	0.6557
delta[15,2]	1.0945	0.2361	0.6307	1.5565
delta[16,2]	0.9419	0.7229	-0.4699	2.3626
delta[1,2]	-1.151	0.3478	-1.8717	-0.4946
delta[2,2]	-0.9407	0.3448	-1.6042	-0.2412
delta[3,2]	-1.0138	0.3035	-1.6173	-0.4228
delta[4,2]	-0.9129	0.3305	-1.5427	-0.2424
delta[5,2]	-1.2581	0.295	-1.8479	-0.6873
delta[6,2]	-1.5257	0.3842	-2.3512	-0.8492
delta[7,2]	-1.04	0.2714	-1.5548	-0.4866
delta[8,2]	-0.6707	0.3081	-1.3141	-0.0964
delta[9,2]	-0.5564	0.2698	-1.0967	-0.0251
delta[10,2]	-0.4372	0.1705	-0.7695	-0.1005
delta[11,2]	-1.1077	0.3154	-1.7444	-0.5035
delta[12,2]	-0.7253	0.2978	-1.2838	-0.123
delta[13,2]	-1.3019	0.3179	-1.9669	-0.7158
delta[14,2]	-0.8088	0.4061	-1.6104	-0.0082
delta[15,2]	-0.5911	0.3959	-1.3631	0.1935
delta[1,2]	-1.1424	0.2558	-1.6347	-0.6342
delta[2,2]	-1.0097	0.2676	-1.5114	-0.4579
delta[3,2]	-1.3611	0.3109	-2.0211	-0.7941
delta[4,2]	-0.9523	0.2492	-1.4531	-0.4642
delta[5,2]	-0.8137	0.2139	-1.2177	-0.3774
delta[6,2]	-1.0554	0.2674	-1.6115	-0.5588
delta[7,2]	-1.0583	0.2869	-1.5937	-0.4555
delta[8,2]	-1.2405	0.2501	-1.7345	-0.7542
delta[9,2]	-1.3299	0.2869	-1.9203	-0.7873
delta[10,2]	-0.761	0.2251	-1.1852	-0.3013
delta[11,2]	-1.0219	0.248	-1.5364	-0.5634
delta[12,2]	-0.8269	0.1966	-1.2174	-0.4393
delta[1,2]	-0.7548	0.3257	-1.3867	-0.1085
delta[2,2]	-0.2144	0.6214	-1.5438	0.9166
delta[3,2]	-0.2467	0.6054	-1.3885	1.0163
delta[4,2]	-0.4634	0.4699	-1.4243	0.4262
delta[5,2]	0.2959	0.6268	-0.8377	1.6075
delta[6,2]	-0.426	0.5836	-1.4898	0.8446
delta[7,2]	-0.4702	0.5531	-1.5126	0.7048
delta[8,2]	-0.396	0.6742	-1.7597	0.9418
delta[9,2]	0.8001	0.5227	-0.2124	1.8311
delta[10,2]	-0.7178	0.6697	-2.2159	0.4501
delta[11,2]	-0.3935	0.543	-1.4673	0.6737
delta[9,3]	-0.0102	0.4642	-0.9237	0.8952
delta[10,3]	-1.1491	0.61	-2.425	0.0032
delta[11,3]	-1.196	0.5755	-2.3796	-0.1253
delta[1,2]	-1.9835	0.5994	-3.159	-0.8141
delta[2,2]	0.233	0.1862	-0.1372	0.5954
delta[3,2]	0.2802	0.201	-0.1126	0.6801
delta[4,2]	1.8171	0.4828	0.8741	2.7595
delta[4,3]	1.4661	0.4494	0.5838	2.3524
delta[1,2]	-1.2554	0.2068	-1.6645	-0.8518
delta[2,2]	-0.1672	0.4837	-1.0779	0.7933
delta[3,2]	-0.814	0.5073	-1.8183	0.2127
delta[4,2]	-0.3234	0.4799	-1.2625	0.6249
delta[4,3]	-1.9788	0.3969	-2.7513	-1.2007
delta[1,2]	-0.9889	0.3298	-1.6809	-0.3629
delta[2,2]	-0.9532	0.3123	-1.5869	-0.3493
delta[3,2]	0.3392	0.2095	-0.0934	0.7217
delta[4,2]	0.6217	0.2921	0.0644	1.242
delta[5,2]	0.5258	0.1986	0.1425	0.9223
delta[6,2]	-0.2635	0.288	-0.8083	0.3397
delta[7,2]	0.2321	0.2129	-0.1804	0.6556
delta[8,2]	0.5939	0.2625	0.0839	1.1376
delta[9,2]	0.5636	0.3178	-0.0704	1.2135
delta[10,2]	-0.235	0.3356	-0.8921	0.4223
delta[11,2]	-0.2407	0.0986	-0.4314	-0.0453
delta[12,2]	-0.8197	0.2462	-1.3082	-0.3394
delta[13,2]	0.5423	0.2719	-0.0214	1.087
delta[14,2]	0.4469	0.2634	-0.1252	0.9329
delta[15,2]	0.7501	0.3004	0.2384	1.4291
delta[16,2]	0.3679	0.3171	-0.2602	0.9881
delta[13,3]	-0.3104	0.2671	-0.8341	0.2311
delta[14,3]	-0.4413	0.243	-0.9303	0.0269
delta[15,3]	-0.2621	0.3076	-0.8448	0.3855
delta[16,3]	-0.0158	0.2881	-0.5757	0.5514
delta[1,2]	0.4093	0.2911	-0.1585	0.9827
delta[2,2]	0.9624	0.2534	0.477	1.4699
delta[3,2]	1.0711	0.3079	0.4645	1.6749
delta[4,2]	1.3234	0.4403	0.4805	2.209
delta[5,2]	0.4563	0.305	-0.1194	1.0787
delta[6,2]	1.5147	0.6484	0.2577	2.8023
delta[7,2]	0.7692	0.3201	0.1474	1.3965
delta[8,2]	1.2238	0.4191	0.4087	2.04
delta[9,2]	0.3645	0.5303	-0.6668	1.4223
delta[10,2]	0.8152	0.3376	0.1756	1.5087
delta[11,2]	0.5555	1.1546	-1.7008	2.7945
delta[12,2]	0.44	0.754	-1.0121	1.9263
delta[13,2]	-0.2584	0.4707	-1.1764	0.6667
delta[14,2]	1.6309	0.2805	1.093	2.1959
delta[15,2]	0.5721	0.5165	-0.4368	1.5654
delta[16,2]	0.4932	0.5977	-0.6693	1.6658
delta[17,2]	0.9367	0.2489	0.4419	1.421
delta[18,2]	0.937	0.237	0.4752	1.3983
delta[19,2]	1.1305	0.34	0.4759	1.8241
delta[20,2]	-0.0697	0.4524	-0.954	0.8137
delta[21,2]	1.4689	0.633	0.2368	2.7216
delta[22,2]	0.2242	0.3394	-0.4437	0.882
delta[23,2]	0.1873	0.623	-1.0412	1.4052
delta[24,2]	0.6075	0.2655	0.0794	1.1196
delta[25,2]	0.3791	0.7517	-1.0952	1.8566
delta[26,2]	0.5916	0.3573	-0.1115	1.2893
delta[27,2]	-1.5158	0.8769	-3.188	0.208
delta[28,2]	0.7573	0.3103	0.1478	1.364
delta[29,2]	0.0813	0.3078	-0.5249	0.6878
delta[30,2]	1.5395	0.4198	0.7259	2.3694
delta[31,2]	1.6005	0.268	1.0798	2.1341
delta[32,2]	-0.1338	0.5562	-1.2205	0.9365
delta[33,2]	0.9019	0.2363	0.4306	1.3557
delta[34,2]	1.9817	0.3384	1.3176	2.6504
delta[30,3]	1.3457	0.2505	0.8523	1.8368
delta[31,3]	1.3265	0.2616	0.8006	1.8313
delta[32,3]	-0.1365	0.5233	-1.1547	0.888
delta[33,3]	1.6489	0.2803	1.1222	2.2314
delta[34,3]	1.6284	0.2556	1.1331	2.1367
delta[1,2]	-1.5984	0.3385	-2.31	-0.9901
delta[2,2]	-0.7399	0.2964	-1.2869	-0.1323
delta[3,2]	-1.2593	0.3281	-1.92	-0.6188
delta[4,2]	-1.378	0.3591	-2.1295	-0.7012
delta[5,2]	-3.293	0.7679	-4.9942	-1.9742
delta[6,2]	-0.0518	0.3384	-0.731	0.5969
delta[7,2]	-1.0912	0.4528	-1.9325	-0.1462
delta[8,2]	-1.4697	0.3372	-2.1715	-0.8495
delta[9,2]	-1.2985	0.3426	-1.9911	-0.6262
delta[10,2]	-1.6651	0.4286	-2.6003	-0.9262
delta[11,2]	-1.0472	0.3691	-1.7336	-0.2642
delta[12,2]	-1.3448	0.3057	-1.9691	-0.7562
delta[13,2]	-2.437	0.4136	-3.2451	-1.6289
delta[14,2]	0.3969	0.2976	-0.1712	0.9881
delta[14,3]	-1.0706	0.3187	-1.6838	-0.4144
delta[1,2]	-0.3613	0.2927	-0.953	0.197
delta[2,2]	-0.2056	0.3205	-0.8745	0.4042
delta[3,2]	0.0828	0.2405	-0.3856	0.5541
delta[4,2]	-0.0513	0.1571	-0.3603	0.2587
delta[5,2]	-0.2237	0.1952	-0.6277	0.1441
delta[6,2]	0.1133	0.2376	-0.346	0.584
delta[7,2]	0.3655	0.2579	-0.1428	0.8671
delta[8,2]	0.0684	0.163	-0.2483	0.3876
delta[9,2]	-0.3674	0.3174	-0.971	0.2852
delta[10,2]	-0.0474	0.2591	-0.5609	0.4571
delta[11,2]	0.1928	0.1758	-0.1524	0.5385
delta[12,2]	-0.1349	0.1909	-0.5136	0.2437
delta[13,2]	0.1362	0.2713	-0.3917	0.6686
delta[14,2]	-0.0391	0.2052	-0.4233	0.3892
delta[15,2]	0.4327	0.2873	-0.1282	1.0159
delta[15,3]	-0.008	0.2519	-0.4937	0.5056
delta[1,2]	0.3175	0.2341	-0.138	0.7764
delta[2,2]	0.9836	0.248	0.5082	1.4807
delta[3,2]	-0.2101	0.2621	-0.7326	0.3001
delta[4,2]	0.8376	0.2732	0.291	1.3628
delta[5,2]	-0.2644	0.1862	-0.6267	0.1029
delta[1,2]	-3.221	0.8488	-4.9004	-1.5911
delta[2,2]	-1.9742	0.825	-3.6103	-0.3933
delta[3,2]	-2.2123	0.9868	-4.1619	-0.253
delta[4,2]	-2.5547	0.6027	-3.7333	-1.3744
delta[5,2]	-0.7328	0.1358	-0.9991	-0.4655
delta[6,2]	-1.1172	1.5485	-4.1621	1.8936
delta[7,2]	0.4808	0.9631	-1.3652	2.4631
delta[8,2]	-0.7397	0.3541	-1.4389	-0.051
delta[9,2]	0.6625	0.8303	-0.9367	2.3531
delta[10,2]	0.1563	0.4603	-0.7491	1.0564
delta[11,2]	0.4285	0.4338	-0.4183	1.2861
delta[12,2]	-0.2821	0.7298	-1.7121	1.1539
delta[13,2]	0.0063	0.8826	-1.7792	1.7325
delta[14,2]	0.7025	0.5348	-0.3241	1.772
delta[15,2]	-0.4063	0.5127	-1.4202	0.5731
delta[16,2]	0.0741	0.4764	-0.8583	1.0177
delta[1,2]	0.0959	0.2134	-0.3224	0.5164
delta[2,2]	0.0918	0.2113	-0.3232	0.5082
delta[3,2]	-0.1895	0.1879	-0.5768	0.1623
delta[4,2]	-0.0329	0.1816	-0.3782	0.3394
delta[5,2]	-0.1862	0.1772	-0.536	0.1617
delta[6,2]	-0.119	0.1231	-0.3608	0.1211
delta[1,2]	-0.4214	0.3345	-1.0933	0.2674
delta[2,2]	-0.582	0.3563	-1.3841	0.0424
delta[3,2]	-0.441	0.2454	-0.9236	0.0374
delta[4,2]	-0.4587	0.3077	-1.09	0.1502
delta[5,2]	-0.375	0.2191	-0.7983	0.0592
delta[6,2]	-0.2402	0.4689	-1.2302	0.6321
delta[7,2]	-0.08	0.3492	-0.765	0.6013
delta[8,2]	-1.4002	0.5265	-2.44	-0.3724
delta[9,2]	-1.4651	0.5035	-2.4583	-0.4845
delta[10,2]	-1.2986	0.568	-2.3914	-0.1445
delta[11,2]	-2.8067	0.8482	-4.4778	-1.1601
delta[12,2]	0.5989	0.4812	-0.2888	1.6105
delta[13,2]	0.569	0.3528	-0.1229	1.259
delta[14,2]	0.5728	0.4662	-0.3194	1.5211
delta[15,2]	0.9255	0.7242	-0.4831	2.3376
delta[16,2]	1.2636	0.8565	-0.4089	2.9382
delta[17,2]	-1.754	0.8416	-3.3807	-0.0853
delta[18,2]	0.7748	0.961	-1.1168	2.6631
delta[19,2]	2.3131	0.8105	0.7372	3.8961
delta[19,3]	0.3312	0.4484	-0.6274	1.146
delta[1,2]	0.1015	0.2093	-0.3285	0.5116
delta[2,2]	0.2645	0.2216	-0.1432	0.7425
delta[3,2]	0.1232	0.2	-0.287	0.5157
delta[4,2]	0.1543	0.2047	-0.2536	0.568
delta[5,2]	0.1753	0.2184	-0.2537	0.6217
delta[6,2]	0.0747	0.2413	-0.4446	0.5277
delta[7,2]	-0.028	0.218	-0.5012	0.357
delta[8,2]	0.1256	0.2245	-0.3359	0.5665
delta[9,2]	0.2323	0.2196	-0.1774	0.6993
delta[10,2]	0.1899	0.2153	-0.2386	0.634
delta[11,2]	0.0385	0.2089	-0.4103	0.4242
delta[12,2]	0.1576	0.1703	-0.1775	0.5002
delta[13,2]	0.141	0.184	-0.2257	0.5052
delta[14,2]	-0.1315	0.2791	-0.681	0.433
delta[15,2]	-0.0282	0.2512	-0.5203	0.4664
delta[16,2]	0.7597	0.2491	0.2697	1.2474
delta[17,2]	0.6218	0.2753	0.0683	1.146
delta[18,2]	0.7349	0.3082	0.1307	1.3438
delta[19,2]	0.1215	0.2209	-0.2934	0.5746
delta[20,2]	-0.3022	0.219	-0.7349	0.1347
delta[21,2]	-0.3325	0.2271	-0.788	0.1111
delta[22,2]	-0.3436	0.1796	-0.7015	0.0043
delta[23,2]	-0.1453	0.2345	-0.5762	0.3483
delta[24,2]	-0.8585	0.6659	-2.1547	0.4298
delta[25,2]	0.0128	0.1876	-0.3358	0.4047
delta[26,2]	-0.0208	0.217	-0.429	0.4381
delta[27,2]	-0.3638	0.209	-0.8034	0.0132
delta[28,2]	-0.0729	0.2239	-0.5089	0.3888
delta[29,2]	0.2906	0.3013	-0.2981	0.8955
delta[30,2]	0.2556	0.315	-0.3674	0.8839
delta[31,2]	0.3286	0.3003	-0.2481	0.9331
delta[32,2]	-0.852	0.2445	-1.3592	-0.3794
delta[33,2]	-0.9226	0.2019	-1.3453	-0.5495
delta[34,2]	-0.8381	0.2362	-1.3246	-0.382
delta[35,2]	-0.5517	0.1586	-0.8553	-0.2294
delta[36,2]	-0.658	0.1824	-1.0215	-0.3001
delta[37,2]	-0.565	0.2703	-1.0851	-0.0188
delta[38,2]	-1.0029	0.2574	-1.5745	-0.5668
delta[39,2]	-0.7872	0.2389	-1.2815	-0.3207
delta[40,2]	-0.6359	0.2213	-1.043	-0.1642
delta[41,2]	-0.6811	0.2112	-1.084	-0.2434
delta[42,2]	-0.8161	0.2439	-1.3311	-0.3509
delta[43,2]	-0.7791	0.2173	-1.2238	-0.3523
delta[44,2]	-0.2877	0.272	-0.8576	0.2188
delta[45,2]	0.3528	0.2967	-0.2179	0.9467
delta[46,2]	-0.0866	0.2028	-0.5036	0.2941
delta[47,2]	0.0996	0.2322	-0.3563	0.562
delta[48,2]	-0.0783	0.2625	-0.6221	0.418
delta[49,2]	-0.0309	0.1787	-0.3683	0.3342
delta[50,2]	-0.0948	0.2148	-0.5218	0.3382
delta[44,3]	-1.0428	0.2669	-1.5874	-0.5405
delta[45,3]	0.3819	0.2914	-0.1484	1.0011
delta[46,3]	-0.7081	0.2078	-1.1062	-0.2815
delta[47,3]	-0.5894	0.2231	-1.0279	-0.1451
delta[48,3]	-0.809	0.2598	-1.35	-0.3285
delta[49,3]	-0.6959	0.1797	-1.0392	-0.3295
delta[50,3]	-0.6251	0.2218	-1.0336	-0.1589
delta[1,2]	0.7796	0.3816	0.1054	1.6128
delta[2,2]	0.5075	0.291	-0.0747	1.0719
delta[3,2]	0.5701	0.327	-0.0653	1.2111
delta[4,2]	0.6692	0.3263	0.0245	1.308
delta[5,2]	0.153	0.4908	-0.8083	1.1488
delta[1,2]	0.2215	0.2902	-0.3352	0.7955
delta[2,2]	-0.9044	0.2402	-1.3718	-0.4348
delta[3,2]	-1.2739	0.5588	-2.4644	-0.3019
delta[4,2]	-0.322	0.2542	-0.8155	0.1766
delta[5,2]	-0.4051	0.1588	-0.7129	-0.0918
delta[6,2]	-1.081	0.203	-1.4785	-0.6804
delta[7,2]	-1.9633	0.635	-3.2008	-0.7272
delta[8,2]	-0.9973	0.2842	-1.5584	-0.4468
delta[9,2]	-0.7411	0.3648	-1.4538	-0.0237
delta[10,2]	-0.3636	0.2929	-0.9368	0.2163
delta[11,2]	-0.4757	0.3769	-1.2072	0.2646
delta[12,2]	-0.5095	0.3155	-1.1263	0.1036
delta[13,2]	-0.122	0.1977	-0.5127	0.2655
delta[14,2]	-0.5734	0.2115	-0.99	-0.1629
delta[15,2]	-0.7951	0.7084	-2.1767	0.6028
delta[16,2]	0.2798	0.4175	-0.5278	1.0957
delta[17,2]	-0.7328	0.8059	-2.5159	0.6753
delta[18,2]	-0.8146	0.7588	-2.4381	0.5341
delta[19,2]	0.1964	0.2201	-0.2314	0.6368
delta[20,2]	0.6339	0.554	-0.4584	1.7274
delta[21,2]	-0.6057	0.4075	-1.4142	0.1824
delta[22,2]	-0.0013	0.3831	-0.7384	0.7599
delta[23,2]	0.6376	0.1981	0.2482	1.0268
delta[24,2]	0.4465	0.3669	-0.2616	1.1768
delta[25,2]	-1.754	0.4296	-2.6394	-0.9423
delta[26,2]	-1.1952	0.2296	-1.6424	-0.7389
delta[27,2]	-1.7575	0.2892	-2.3328	-1.1956
delta[28,2]	0.0186	0.2726	-0.5154	0.5553
delta[28,3]	-0.4636	0.2993	-1.0441	0.1309
delta[1,2]	-0.8431	0.2233	-1.2863	-0.4066
delta[2,2]	-0.7707	0.2002	-1.1606	-0.3759
delta[3,2]	-0.9743	0.3133	-1.6577	-0.4105
delta[4,2]	-0.2668	0.2272	-0.7062	0.1915
delta[5,2]	-0.3667	0.1522	-0.6671	-0.0714
delta[6,2]	-0.3072	0.1749	-0.6483	0.038
delta[7,2]	-2.0399	0.451	-2.9265	-1.1548
delta[8,2]	-0.8323	0.2603	-1.3899	-0.3667
delta[9,2]	-0.499	0.1826	-0.8497	-0.1309
delta[10,2]	-0.6504	0.2003	-1.0477	-0.2578
delta[11,2]	-0.5354	0.2349	-0.9763	-0.0543
delta[12,2]	-0.4611	0.2136	-0.857	-0.0168
delta[13,2]	-0.8336	0.2013	-1.2415	-0.4536
delta[1,2]	-0.38	0.3182	-1.0031	0.2436
delta[2,2]	0.2966	0.2221	-0.1337	0.7323
delta[3,2]	0.2552	0.3597	-0.4877	0.96
delta[4,2]	-0.1327	0.1559	-0.438	0.1717
delta[5,2]	-0.2104	0.3418	-0.9409	0.4183
delta[6,2]	-0.0804	0.1473	-0.3718	0.2069
delta[7,2]	-0.3676	0.1981	-0.7545	0.0245
